1320 1073 1084 1100 1216 1104 1325 1017 1017 1114 1020 1372 1194 1266 995 1077 1039 1219 1220 1136 1138 1208 1105 1178 1117 1130 1140 1024 961 1226 1017 1186 1074 1205 1096 1274 1185 1139 1292 1207 1015 1103 1157 1017 1234 1116 1217 1259 1049 1010 1141 1157 1100 1114 1213 1125 1205 860 1167 1021 910 1302 1189 1069 
1534 1585 1287 1335 1449 1441 1693 1530 1181 1397 1318 1501 1556 1628 1378 1458 1358 1594 1490 1442 1354 1551 1400 1704 1447 1432 1336 1320 1512 1569 1508 1583 1358 1494 1313 1493 1645 1580 1527 1466 1289 1304 1439 1421 1569 1432 1564 1594 1401 1307 1333 1518 1431 1404 1405 1533 1625 1203 1501 1451 1377 1575 1590 1385 
1364 1308 1011 1316 1351 1269 1432 1404 1171 1175 1217 1329 1335 1369 1201 1309 1205 1335 1337 1176 1302 1206 1124 1479 1317 1185 1154 1236 1231 1396 1183 1289 1214 1307 1267 1365 1275 1279 1367 1337 1114 1050 1292 1367 1335 1362 1291 1314 1284 1152 1221 1271 1374 1153 1151 1201 1436 1060 1342 1132 1223 1411 1382 1330 
1564 1367 1153 1380 1345 1309 1480 1514 1175 1505 1325 1483 1446 1512 1251 1534 1324 1572 1498 1439 1321 1539 1287 1541 1330 1342 1302 1251 1364 1488 1499 1440 1319 1463 1334 1417 1327 1327 1467 1443 1221 1160 1506 1287 1467 1497 1427 1518 1196 1215 1507 1506 1330 1307 1346 1305 1457 1158 1409 1378 1360 1601 1613 1417 
1329 1240 1094 1159 1127 1115 1324 1199 1046 1160 1050 1250 1234 1224 1059 1146 1119 1148 1223 1162 1094 1067 1008 1326 1121 1162 1065 1093 1214 1259 1141 1222 1072 1246 1077 1216 1292 1301 1185 1251 1024 1033 1261 1134 1157 1072 1309 1346 1108 1020 1190 1244 1150 1116 1256 1203 1241 953 1266 1098 1108 1331 1214 1091 
1167 1119 925 1008 1047 1041 1213 1090 906 1031 993 1141 1082 1142 943 1123 1063 1182 1166 1127 1009 1160 990 1133 1177 1065 1045 985 1017 1112 978 1122 978 1119 1006 1114 1209 1212 1011 1067 950 931 1227 1069 1078 1144 1296 1138 1098 981 1005 1124 1130 1056 1135 1144 1108 979 1106 1014 1082 1265 1133 1109 
1430 1267 1020 1270 1107 1215 1356 1406 1147 1210 1231 1123 1249 1229 1197 1234 1150 1269 1155 1120 1214 1276 1151 1245 1313 1095 980 1178 1248 1328 1418 1311 1148 1266 1129 1391 1187 1397 1208 1362 1053 1035 1168 1256 1351 1291 1350 1364 1002 961 1202 1170 1155 1236 1268 1110 1268 996 1398 1086 1222 1355 1326 1338 
1467 1430 1085 1318 1245 1346 1538 1421 1277 1248 1266 1395 1437 1386 1296 1331 1328 1403 1370 1212 1301 1382 1160 1578 1317 1132 1267 1267 1309 1403 1424 1414 1374 1401 1234 1280 1412 1330 1456 1347 1248 1084 1304 1327 1397 1328 1398 1395 1169 1116 1331 1278 1203 1272 1323 1210 1387 995 1360 1344 1294 1478 1437 1330 
1232 1331 986 1133 1232 1088 1309 1214 1126 1116 979 1284 1243 1419 1075 1143 1156 1316 1156 1184 1062 1165 1122 1455 1231 1101 1094 1162 1199 1268 1133 1251 1095 1182 1175 1158 1383 1223 1272 1263 1145 1040 1238 1211 1266 1155 1339 1171 1059 976 1243 1162 1183 1137 1178 1137 1281 1036 1251 1184 1164 1362 1352 1084 
1401 1315 979 1245 1222 1256 1506 1505 1074 1292 1224 1353 1385 1537 1139 1430 1115 1470 1348 1320 1188 1327 1235 1469 1343 1247 1188 1256 1273 1409 1364 1199 1126 1452 1327 1303 1528 1410 1548 1299 1195 1148 1370 1503 1484 1375 1464 1282 1209 1093 1286 1295 1276 1292 1283 1183 1299 1085 1407 1278 1417 1567 1474 1240 
1491 1540 1115 1362 1341 1293 1570 1572 1295 1465 1318 1423 1525 1437 1227 1532 1373 1523 1469 1393 1369 1504 1331 1500 1426 1327 1307 1258 1404 1498 1477 1416 1357 1483 1331 1546 1505 1387 1432 1540 1278 1282 1486 1515 1391 1513 1438 1480 1286 1195 1506 1337 1331 1298 1399 1230 1614 1055 1569 1259 1360 1727 1438 1404 
1269 1379 1077 1325 1210 1303 1325 1268 1178 1248 1008 1204 1322 1361 1079 1201 1092 1281 1235 1128 1140 1131 1206 1464 1223 1154 1059 1138 1357 1319 1338 1317 1040 1405 1105 1372 1340 1228 1339 1221 1161 1038 1245 1119 1318 1107 1312 1285 1156 1085 1215 1246 1269 1288 1199 1131 1193 906 1342 1258 1065 1360 1411 1229 
1600 1364 1135 1343 1369 1301 1570 1534 1112 1300 1354 1418 1544 1568 1154 1387 1285 1517 1390 1215 1187 1381 1209 1527 1444 1352 1118 1299 1360 1407 1393 1515 1284 1326 1354 1591 1436 1478 1453 1444 1223 1152 1292 1452 1357 1493 1286 1329 1222 1125 1401 1338 1353 1252 1278 1252 1369 1179 1507 1195 1285 1454 1465 1266 
1284 1282 1015 1243 1193 1297 1266 1264 1179 1144 1048 1308 1333 1163 1039 1248 1150 1202 1196 1144 1081 1246 1032 1260 1176 896 1012 1180 1081 1142 1267 1282 1219 1303 1134 1292 1222 1293 1202 1177 1068 989 1079 1215 1228 1240 1270 1142 1023 1011 1180 1086 1174 1179 1180 1086 1215 987 1288 1098 1174 1149 1355 1196 
1760 1764 1307 1608 1487 1634 1735 1764 1442 1562 1488 1598 1705 1629 1458 1647 1505 1591 1609 1497 1477 1530 1496 1763 1606 1459 1412 1493 1686 1623 1639 1623 1464 1687 1461 1757 1660 1709 1660 1663 1405 1358 1695 1667 1583 1672 1622 1663 1356 1357 1674 1520 1531 1576 1538 1490 1820 1264 1647 1447 1554 1725 1688 1455 
1379 1285 1060 1124 1184 1378 1369 1374 1019 1314 1220 1262 1402 1431 1190 1221 1235 1354 1281 1312 1194 1361 1220 1525 1305 1236 1098 1177 1196 1342 1287 1321 1255 1354 1328 1307 1362 1236 1354 1365 1102 1186 1295 1253 1345 1274 1374 1414 1224 1023 1266 1202 1229 1262 1189 1251 1418 996 1493 1179 1172 1478 1386 1189 
1484 1534 1263 1459 1362 1268 1555 1476 1202 1272 1270 1390 1617 1466 1229 1390 1404 1558 1321 1253 1156 1316 1337 1490 1383 1293 1261 1461 1371 1369 1253 1481 1334 1450 1334 1477 1460 1337 1468 1363 1259 1195 1290 1275 1307 1340 1466 1385 1195 1147 1415 1409 1292 1246 1201 1178 1565 1120 1454 1272 1176 1467 1427 1219 
1494 1459 1167 1371 1318 1340 1625 1552 1131 1304 1378 1442 1507 1497 1298 1391 1290 1541 1447 1454 1305 1584 1364 1532 1372 1360 1255 1414 1442 1399 1348 1429 1310 1433 1328 1469 1457 1351 1478 1408 1228 1196 1500 1396 1421 1518 1396 1546 1282 1204 1409 1501 1346 1433 1343 1328 1485 1096 1520 1365 1272 1537 1613 1291 
1327 1193 1085 1066 1173 1230 1251 1308 965 1106 1045 1180 1221 1238 1055 1068 1176 1298 1242 1142 959 1288 1116 1389 1148 1223 970 1112 1215 1215 1129 1307 1063 1193 1139 1156 1393 1212 1234 1221 1127 997 1112 1142 1260 1166 1162 1288 941 973 1085 1127 1042 1095 970 1172 1361 1029 1331 1071 1076 1190 1257 1095 
1519 1622 1273 1466 1457 1350 1586 1547 1392 1457 1346 1475 1453 1481 1264 1389 1507 1541 1443 1352 1320 1565 1319 1592 1493 1393 1244 1437 1503 1421 1482 1527 1255 1623 1372 1539 1643 1406 1459 1440 1302 1316 1450 1431 1559 1429 1447 1582 1349 1424 1374 1473 1472 1450 1402 1192 1714 1141 1525 1358 1287 1624 1571 1411 
1488 1511 1274 1284 1374 1441 1568 1485 1186 1234 1216 1492 1501 1320 1261 1322 1464 1379 1531 1362 1391 1419 1332 1490 1385 1257 1338 1188 1346 1454 1331 1522 1259 1429 1313 1420 1527 1471 1378 1402 1241 1254 1396 1346 1374 1416 1441 1541 1280 1343 1266 1397 1411 1309 1370 1406 1448 1190 1588 1379 1300 1475 1535 1317 
1487 1346 1097 1248 1229 1524 1569 1489 1188 1258 1324 1427 1351 1451 1296 1377 1309 1490 1375 1324 1348 1291 1278 1510 1262 1197 1252 1187 1298 1468 1396 1325 1326 1470 1334 1355 1401 1413 1408 1378 1150 1250 1324 1311 1556 1350 1501 1539 1315 1282 1314 1442 1438 1359 1324 1196 1470 1031 1461 1205 1316 1631 1496 1336 
1382 1200 1068 1126 1201 1230 1294 1284 1060 1006 1143 1289 1303 1275 1166 1182 1265 1383 1213 1155 1171 1297 1175 1376 1263 1109 1101 1132 1206 1342 1174 1270 1214 1184 1376 1060 1260 1239 1253 1299 1096 1124 1132 1284 1278 1333 1270 1210 1134 1042 1196 1231 1078 1089 1100 1099 1425 1024 1210 1096 1215 1418 1307 1114 
1391 1410 1113 1210 1134 1203 1395 1269 1051 1328 1145 1356 1339 1287 1164 1144 1369 1348 1264 1309 1241 1365 1192 1305 1280 1132 1141 1193 1186 1271 1198 1350 1159 1254 1110 1304 1386 1305 1224 1290 1083 1159 1301 1175 1273 1254 1315 1336 1067 1044 1192 1244 1393 1249 1261 1098 1376 1017 1471 1166 1111 1379 1332 1042 
1285 1074 1003 1113 1119 1238 1331 1250 1025 1132 1125 1317 1312 1345 1032 1194 1129 1333 1145 1117 1041 1241 1116 1204 1067 1080 1029 1110 1119 1226 1159 1222 1152 1202 1185 1270 1259 1269 1269 1238 1016 932 1107 1089 1306 1154 1235 1218 1049 985 1187 1202 1157 1253 995 1084 1277 972 1266 1173 1016 1337 1243 1008 
1354 1282 1001 1326 1391 1220 1469 1321 1061 1229 1165 1503 1388 1517 1233 1344 1159 1409 1251 1303 1202 1338 1216 1448 1173 1243 1181 1317 1199 1400 1099 1355 1299 1339 1217 1379 1369 1250 1477 1286 1192 1114 1288 1279 1451 1368 1295 1346 1163 1091 1368 1337 1306 1187 1242 1299 1426 1112 1457 1114 1126 1475 1483 1140 
1307 1343 1065 1172 1209 1202 1452 1415 1025 1313 1204 1205 1295 1517 1186 1293 1168 1405 1172 1234 1129 1250 1279 1263 1306 1185 1161 1184 1171 1319 1265 1300 1016 1255 1190 1368 1303 1411 1348 1291 1100 1070 1293 1378 1383 1295 1337 1265 1121 1122 1298 1179 1268 1243 1119 1201 1355 1085 1300 1195 1250 1430 1345 1197 
1498 1274 1156 1275 1075 1364 1283 1268 1096 1149 1188 1379 1354 1293 1099 1227 1260 1384 1354 1202 1176 1379 1159 1371 1313 1126 1116 1209 1248 1325 1259 1273 1320 1245 1291 1238 1382 1306 1219 1249 976 996 1258 1195 1256 1350 1523 1317 1182 1076 1236 1249 1279 1353 1229 1158 1402 988 1248 1147 1221 1335 1334 1188 
1500 1507 1294 1350 1457 1417 1579 1467 1206 1275 1290 1503 1616 1534 1272 1374 1281 1540 1530 1361 1509 1439 1322 1670 1416 1220 1315 1367 1372 1488 1292 1468 1404 1506 1439 1460 1482 1479 1592 1297 1236 1174 1377 1512 1514 1492 1490 1399 1390 1195 1378 1344 1448 1435 1377 1373 1545 1141 1452 1347 1297 1458 1519 1408 
1376 1202 1173 1058 1215 1185 1348 1260 1078 1327 1215 1124 1316 1287 1103 1228 1159 1314 1189 1224 1123 1313 1135 1299 1187 1218 1096 1007 1280 1246 1273 1244 1048 1341 1205 1290 1147 1350 1242 1311 1136 1103 1290 1253 1311 1076 1093 1305 1072 1070 1176 1230 1133 1165 1235 1244 1244 931 1254 1058 1154 1443 1237 1100 
1472 1326 1244 1269 1384 1233 1488 1381 1141 1392 1288 1411 1494 1579 1186 1328 1229 1656 1428 1356 1229 1497 1161 1582 1355 1347 1238 1443 1294 1399 1325 1411 1293 1382 1463 1500 1451 1426 1526 1330 1346 1226 1378 1383 1541 1435 1477 1425 1143 1244 1508 1385 1330 1289 1396 1314 1524 1127 1295 1250 1250 1606 1420 1354 
1196 1183 986 1087 1067 1145 1293 1208 874 1169 1036 1177 1225 1193 918 1118 1087 1221 1188 1013 1039 1109 1157 1277 1128 1114 951 1106 1053 1088 986 1190 953 1264 1066 1263 1288 1117 1227 1113 1011 899 1205 989 1167 1066 1240 1225 1024 950 1125 1200 1058 1175 1033 1032 1191 975 1199 1120 982 1256 1253 1061 
1336 1459 1217 1115 1283 1309 1466 1430 1147 1207 1207 1252 1457 1301 1193 1225 1367 1444 1382 1279 1297 1393 1303 1431 1364 1195 1196 1173 1322 1395 1177 1356 1204 1418 1407 1363 1466 1293 1273 1383 1210 1138 1320 1353 1412 1323 1510 1413 1208 1211 1273 1299 1367 1265 1212 1232 1486 1033 1540 1206 1248 1459 1433 1255 
1552 1430 1397 1373 1397 1397 1476 1493 1249 1358 1274 1504 1580 1516 1203 1370 1334 1576 1537 1345 1216 1504 1270 1591 1306 1350 1273 1270 1387 1365 1306 1425 1266 1516 1371 1463 1487 1479 1475 1440 1211 1233 1375 1461 1338 1369 1396 1459 1231 1263 1273 1324 1349 1323 1357 1269 1442 1071 1479 1289 1264 1465 1428 1276 
1505 1246 1162 1131 1218 1308 1631 1420 1061 1327 1228 1355 1536 1434 1102 1364 1256 1545 1368 1280 1201 1402 1247 1500 1289 1239 1208 1261 1213 1271 1129 1410 1285 1452 1347 1476 1443 1399 1386 1321 1253 1162 1284 1149 1342 1297 1477 1394 1205 929 1430 1411 1333 1184 1274 1290 1270 1140 1512 1264 1019 1643 1441 1196 
1451 1368 1171 1399 1402 1291 1484 1305 1275 1435 1214 1389 1504 1457 1186 1366 1186 1379 1300 1341 1292 1360 1258 1548 1353 1425 1192 1359 1337 1427 1317 1486 1191 1452 1305 1578 1326 1276 1496 1445 1263 1099 1403 1304 1441 1289 1328 1466 1201 1115 1384 1455 1235 1309 1233 1289 1491 1029 1338 1242 1177 1468 1426 1348 
1292 1218 1038 1241 1240 1200 1352 1357 1161 1151 1117 1226 1274 1384 1106 1345 1113 1334 1267 1264 1206 1373 1218 1275 1252 1181 1077 1147 1302 1294 1184 1263 1227 1426 1234 1243 1332 1353 1391 1317 1139 1082 1280 1294 1363 1289 1369 1317 1231 1055 1275 1236 1202 1141 1256 1218 1221 1033 1354 1097 1177 1494 1378 1253 
1294 1257 1021 1211 1227 1346 1362 1318 1032 1242 1172 1430 1292 1393 1135 1286 1285 1487 1344 1312 1213 1380 1156 1377 1206 1242 1180 1167 1147 1348 1092 1358 1146 1294 1289 1364 1253 1283 1265 1382 1054 1223 1333 1219 1294 1393 1342 1394 1194 1249 1229 1414 1280 1257 1074 1187 1478 1136 1387 1187 1186 1426 1471 1252 
1470 1219 994 1146 1080 1226 1388 1311 1197 1362 1152 1316 1278 1475 1109 1288 1151 1299 1166 1250 1147 1280 1057 1271 1394 1071 1185 1199 1047 1279 1330 1373 1056 1300 1286 1325 1294 1309 1402 1330 1110 1115 1241 1279 1393 1248 1381 1243 1003 988 1308 1216 1152 1199 1100 1040 1205 1081 1236 1189 1240 1363 1327 1270 
1402 1353 1203 1351 1404 1269 1505 1498 1246 1502 1310 1447 1546 1603 1156 1536 1278 1623 1485 1379 1344 1411 1195 1629 1422 1308 1359 1391 1264 1458 1308 1375 1338 1598 1405 1388 1519 1372 1609 1389 1290 1288 1378 1482 1424 1341 1489 1445 1248 1330 1473 1344 1332 1287 1361 1327 1434 1172 1506 1359 1374 1598 1482 1240 
1389 1591 1185 1364 1339 1371 1556 1480 1238 1378 1250 1442 1535 1567 1182 1509 1261 1502 1388 1377 1333 1479 1390 1648 1414 1381 1248 1375 1503 1539 1409 1505 1401 1512 1414 1442 1590 1490 1580 1538 1295 1264 1349 1470 1419 1374 1664 1551 1352 1192 1447 1393 1402 1355 1433 1402 1409 1137 1586 1276 1409 1663 1588 1313 
1132 1265 932 1040 1099 929 1307 1157 945 1177 1024 1110 1179 1123 1069 1094 1156 1054 1126 921 1049 1089 960 1228 1137 1087 1057 967 1037 1169 1103 1140 967 1183 1043 1105 1279 1151 1233 1221 974 1009 973 1188 1095 1057 1134 1214 933 1152 1058 1068 1113 954 1072 943 1167 877 1207 985 1045 1213 1259 894 
1465 1362 1161 1278 1250 1255 1430 1411 1163 1399 1145 1380 1433 1447 1148 1326 1286 1439 1323 1324 1090 1415 1215 1564 1322 1299 1219 1236 1408 1398 1372 1395 1140 1480 1262 1431 1493 1292 1464 1359 1249 1171 1248 1265 1418 1306 1308 1304 1079 1022 1262 1230 1382 1259 1152 1161 1320 1047 1506 1277 1102 1458 1489 1071 
1409 1367 1142 1214 1362 1305 1561 1352 1091 1226 1268 1266 1436 1528 1327 1386 1164 1493 1308 1286 1403 1401 1365 1528 1338 1326 1212 1128 1320 1456 1221 1392 1302 1379 1352 1321 1264 1450 1397 1442 1236 1151 1351 1375 1408 1419 1409 1453 1273 1153 1349 1449 1310 1132 1286 1357 1458 1014 1322 1243 1271 1644 1327 1272 
1461 1408 1242 1309 1239 1247 1463 1440 1213 1258 1077 1332 1392 1410 1240 1268 1333 1373 1216 1282 1216 1368 1229 1391 1408 1202 1074 1250 1378 1372 1289 1485 1169 1351 1197 1490 1382 1482 1219 1354 1188 1140 1274 1387 1353 1317 1420 1347 1166 1130 1239 1211 1405 1217 1294 1326 1253 1157 1443 1170 1247 1399 1309 1364 
1278 1328 1109 1215 1168 1383 1472 1331 1078 1280 1206 1105 1356 1304 1227 1234 1196 1225 1255 1218 1145 1156 1154 1386 1243 1179 1166 1112 1277 1284 1256 1231 1072 1376 1162 1380 1284 1272 1268 1300 1100 1051 1320 1216 1343 1187 1285 1429 1168 1076 1265 1339 1194 1207 1117 1195 1307 942 1451 1150 1141 1437 1296 1210 
1400 1388 1064 1266 1195 1276 1521 1410 1125 1404 1286 1338 1426 1476 1224 1349 1291 1460 1336 1308 1176 1506 1242 1461 1369 1270 1254 1240 1307 1325 1289 1386 1299 1403 1281 1281 1549 1253 1327 1262 1211 1126 1312 1364 1396 1351 1399 1381 1162 1088 1265 1307 1320 1357 1220 1245 1446 1053 1437 1215 1277 1514 1437 1173 
1259 1248 1015 1173 1239 1138 1373 1294 1022 1243 1243 1253 1266 1278 1027 1252 1050 1281 1186 1133 1233 1225 1084 1250 1212 1167 1108 1108 973 1230 1172 1225 1086 1304 1094 1402 1177 1205 1324 1286 1041 1111 1236 1265 1217 1224 1245 1387 1070 1147 1235 1177 1101 1198 1164 1097 1372 983 1299 1159 1172 1253 1162 1177 
1199 1140 1126 1094 1161 1226 1229 1314 958 1161 1055 1252 1337 1155 1041 1165 1129 1363 1280 1182 1168 1198 1191 1339 1130 1106 1007 1106 1239 1213 1094 1136 1115 1292 1158 1250 1195 1269 1251 1378 1102 937 1272 1137 1263 1147 1286 1279 1101 951 1098 1240 1120 1115 1081 1148 1329 935 1296 1094 1089 1377 1258 1076 
1463 1387 1283 1250 1515 1348 1610 1402 1138 1362 1258 1518 1493 1598 1296 1361 1286 1514 1543 1300 1406 1389 1405 1542 1332 1351 1359 1285 1282 1505 1205 1446 1252 1409 1250 1349 1535 1408 1575 1402 1253 1153 1454 1500 1500 1353 1421 1495 1254 1402 1294 1437 1439 1297 1321 1426 1491 1145 1458 1261 1266 1582 1519 1300 
1326 1127 975 1042 1206 1197 1299 1345 1050 979 1145 1260 1144 1271 1032 1251 1192 1125 1199 1136 969 1211 1222 1290 1130 1143 907 1037 1196 1347 1180 1221 1153 1141 1084 1123 1289 1242 1198 1264 881 922 1095 1254 1237 1291 1166 1223 1042 902 1161 1010 1138 1211 1120 1132 1117 953 1422 999 1048 1338 1373 1058 
1250 1245 892 1047 1177 1154 1318 1156 926 1158 1078 1172 1161 1175 978 1180 1125 1193 1239 1160 996 1192 952 1269 1049 1136 1011 1084 1119 1136 1036 1150 975 1232 1018 1171 1218 1192 1225 1120 1077 996 1214 1102 1092 1117 1100 1261 1116 1104 1132 1131 1189 1142 1150 1121 1301 1029 1228 1144 1016 1254 1272 1129 
1507 1426 1319 1399 1412 1499 1640 1445 1267 1374 1414 1521 1550 1610 1213 1520 1347 1552 1563 1405 1345 1488 1398 1624 1457 1294 1352 1389 1428 1489 1342 1329 1488 1604 1390 1356 1661 1467 1700 1482 1268 1281 1397 1494 1500 1397 1566 1515 1387 1242 1391 1449 1345 1428 1348 1232 1499 1086 1511 1266 1406 1670 1487 1315 
1416 1540 1098 1573 1280 1296 1537 1547 1228 1439 1257 1554 1464 1595 1285 1490 1361 1640 1311 1398 1150 1462 1264 1650 1458 1291 1364 1414 1369 1397 1403 1333 1300 1451 1392 1412 1439 1366 1553 1427 1270 1201 1432 1429 1353 1466 1385 1327 1295 1220 1427 1444 1393 1376 1195 1167 1508 1145 1439 1441 1358 1519 1676 1271 
1218 1042 1007 1006 932 1189 1198 1269 940 1144 1033 1052 1031 1159 1047 1094 949 1235 1149 994 1023 1116 1015 1293 1044 992 951 987 1062 1159 1309 1098 963 1247 1002 1156 1109 1130 1090 1109 942 882 1014 1040 1372 1032 1128 1163 900 904 1029 1082 914 1115 1067 1030 1058 766 1095 1020 1025 1200 1183 1118 
1300 1327 984 1101 1102 1128 1345 1222 1023 1201 1146 1202 1200 1221 1130 1116 1175 1211 1144 1127 1078 1269 1131 1325 1158 1057 1134 997 1129 1136 1196 1194 1110 1196 1032 1092 1296 1166 1164 1184 997 1058 1235 1119 1141 1134 1248 1378 1038 1064 1094 1177 1178 1250 1231 1030 1260 929 1270 1122 1085 1319 1375 1049 
1367 1257 1156 1172 1258 1165 1344 1376 1106 1210 1224 1453 1292 1384 1103 1258 1198 1476 1386 1344 1170 1437 1170 1435 1274 1256 1075 1170 1300 1339 1211 1331 1200 1392 1399 1334 1376 1368 1358 1367 1061 1156 1297 1316 1412 1324 1317 1366 1090 1178 1223 1350 1296 1208 1226 1183 1406 993 1355 1197 1170 1410 1302 1222 
1373 1252 1022 1202 1246 1202 1497 1200 1125 1171 1041 1343 1325 1404 1119 1259 1179 1286 1330 1336 1232 1306 1055 1450 1316 1085 1192 1073 1164 1381 1150 1248 1203 1305 1204 1248 1292 1326 1295 1257 1134 1108 1341 1220 1264 1236 1296 1238 1231 1116 1248 1270 1308 1169 1304 1295 1232 1047 1369 1280 1154 1411 1450 1264 
1193 1274 1080 1156 1397 1223 1329 1190 1116 1151 1061 1209 1311 1292 1062 1204 1033 1311 1205 1267 1274 1261 1327 1479 1147 1253 1230 1077 1166 1337 1187 1278 1228 1333 1170 1237 1207 1224 1414 1223 1136 1158 1373 1209 1302 1138 1257 1396 1163 1187 1230 1292 1146 1144 1338 1329 1278 895 1339 1131 1064 1454 1359 1164 
1566 1328 1237 1198 1221 1150 1364 1332 1225 1230 1229 1354 1250 1343 1103 1245 1334 1446 1295 1184 1175 1372 1121 1478 1372 1197 1180 1179 1211 1259 1346 1328 1188 1323 1233 1265 1364 1296 1288 1306 1070 1107 1244 1368 1334 1279 1309 1233 1158 1031 1092 1189 1311 1161 1305 1029 1294 1035 1231 1097 1180 1337 1260 1276 
1395 1353 1066 1330 1369 1338 1460 1498 1225 1472 1234 1426 1374 1518 1158 1436 1225 1538 1456 1298 1282 1434 1198 1462 1326 1325 1217 1196 1272 1426 1423 1451 1164 1512 1334 1514 1450 1362 1426 1511 1222 1248 1382 1338 1545 1322 1371 1462 1219 1271 1357 1413 1251 1270 1325 1265 1433 1098 1511 1253 1272 1602 1493 1331 
1457 1356 995 1235 1209 1269 1377 1365 1009 1309 1244 1385 1336 1300 1095 1405 1274 1388 1405 1224 1103 1418 1200 1389 1235 1077 1109 1300 1349 1285 1400 1303 1231 1356 1062 1345 1413 1144 1438 1248 1167 1144 1236 1256 1370 1385 1151 1140 1051 949 1320 1178 1264 1215 1230 1058 1315 1026 1444 1077 1184 1464 1465 1084 
1547 1543 1157 1274 1246 1384 1574 1437 1114 1467 1323 1452 1391 1490 1178 1518 1301 1556 1347 1339 1168 1520 1271 1669 1387 1364 1197 1271 1407 1407 1276 1424 1243 1448 1372 1463 1420 1425 1397 1553 1177 1219 1309 1307 1287 1360 1407 1489 1312 1167 1380 1425 1456 1302 1251 1210 1470 1104 1366 1251 1184 1565 1470 1153 
1159 1361 944 1125 1093 1218 1230 1425 988 1207 1149 1090 1283 1084 973 1260 1082 1308 1217 1265 1031 1148 1085 1353 1222 1070 1005 1191 1288 1189 1195 1263 955 1326 1264 1368 1283 1295 1183 1270 1120 1077 1280 1216 1195 1192 1314 1337 1047 1013 1276 1215 1063 1197 1145 1107 1379 999 1500 1154 1204 1293 1265 1178 
