0 0 0 0 0 0 0 0 0 0 0 0 0 0 0 0 
0 0 0 0 0 0 20 0 26 0 0 0 0 0 0 0 
0 5 0 0 0 0 0 6 0 40 0 0 0 0 0 0 
0 0 0 0 0 0 0 0 0 0 0 0 0 0 0 0 
0 0 0 0 9 0 0 0 0 0 0 0 0 0 0 0 
0 0 0 0 0 0 0 0 0 0 0 0 0 0 0 0 
0 0 0 0 0 0 0 0 32 18 0 0 0 0 0 0 
0 0 0 0 45 0 0 5 0 20 45 0 0 0 0 0 
0 0 0 0 0 0 0 10 0 5 0 0 0 0 0 0 
0 0 0 0 0 0 0 0 0 0 0 0 0 0 0 0 
0 18 0 0 0 0 18 10 0 0 16 0 4 16 0 0 
0 0 0 0 0 0 0 0 0 0 0 0 0 28 0 0 
0 0 0 0 18 0 0 0 16 10 0 0 0 3 0 0 
0 0 0 0 0 0 0 0 0 15 0 0 0 32 0 0 
0 0 0 0 0 0 0 0 0 6 0 0 0 0 0 0 
0 0 0 0 0 0 0 0 0 0 0 0 0 0 0 0 
