12 16 17 13 21 19 20 18 15 16 18 14 16 18 20 25 19 17 16 16 18 21 19 18 15 15 21 18 16 21 18 18 19 19 18 22 20 16 15 21 19 17 19 21 14 20 16 11 22 17 25 25 10 19 15 19 16 23 20 18 18 23 21 18 
10 16 12 10 11 19 16 20 10 15 15 13 12 18 11 19 13 14 10 12 13 12 14 13 9 10 18 13 13 12 11 11 9 11 16 14 9 11 14 10 11 9 12 14 11 14 11 14 17 12 16 16 12 9 14 13 12 19 13 19 11 19 13 17 
18 19 16 14 20 16 15 16 15 16 16 16 15 21 16 21 13 14 15 15 16 18 21 15 18 15 18 18 18 18 14 18 20 18 16 14 17 20 13 17 15 16 16 19 14 16 14 10 22 16 18 21 16 16 18 13 15 19 17 14 13 21 21 16 
14 12 11 13 17 16 13 17 13 10 14 11 17 18 14 16 13 12 8 15 9 16 13 13 9 14 12 14 11 14 11 13 10 13 12 15 10 15 8 14 12 12 11 19 10 15 13 11 16 11 16 13 11 11 14 15 12 17 12 13 14 16 13 9 
17 16 16 12 19 18 18 12 12 16 16 13 12 13 18 19 16 12 13 16 10 17 17 15 10 10 17 13 10 17 13 14 15 17 21 12 14 13 13 15 12 15 16 16 14 15 16 10 15 15 16 19 12 15 20 14 16 15 18 11 16 17 19 12 
13 15 14 16 18 20 16 16 17 11 18 12 18 15 13 21 19 13 11 13 13 20 20 18 11 16 21 16 13 15 14 13 16 15 18 16 13 14 11 20 15 13 14 21 13 18 15 11 17 11 15 19 12 15 13 13 12 19 15 13 18 17 17 14 
18 22 14 12 21 21 18 17 14 16 16 16 18 17 18 24 18 16 16 13 17 19 21 12 18 18 21 19 12 18 20 22 19 23 17 19 15 14 19 22 15 18 18 21 16 15 20 13 21 18 21 21 15 12 17 17 18 19 20 16 16 21 26 16 
20 22 14 13 19 25 21 17 17 16 14 17 17 20 17 21 17 17 16 15 17 16 21 18 16 15 17 21 17 17 15 18 17 16 17 16 14 19 16 17 15 15 16 18 15 17 17 16 19 18 18 25 16 12 19 12 15 19 16 13 18 19 18 13 
16 14 16 14 20 18 16 18 14 15 20 15 18 24 20 15 16 19 13 16 14 19 19 15 14 18 17 18 17 17 14 17 16 15 17 19 12 20 12 16 17 11 17 22 15 18 15 15 18 18 18 15 17 14 14 18 15 20 20 15 16 18 18 16 
15 18 9 12 18 20 15 17 14 16 19 17 17 18 12 20 16 16 14 13 10 19 22 15 13 17 18 18 15 16 13 15 17 15 18 16 14 15 14 19 15 9 14 19 13 18 14 12 18 14 15 15 17 12 11 18 15 19 14 13 16 19 19 14 
17 17 16 12 21 19 21 18 16 18 19 17 18 20 19 23 18 20 15 14 18 21 26 18 14 18 25 20 12 23 18 20 20 20 22 22 17 15 16 23 16 13 19 23 20 20 15 16 26 16 21 18 19 13 14 20 17 20 20 17 18 23 24 18 
14 18 13 15 17 19 18 18 14 14 15 16 17 19 19 18 15 16 11 18 13 14 19 16 13 16 18 19 16 14 16 17 17 16 19 17 15 17 13 17 13 14 14 18 12 21 19 11 22 15 19 18 18 16 18 18 14 21 19 16 15 21 16 16 
13 13 12 9 18 17 18 15 10 14 18 10 13 12 16 19 17 14 7 18 15 16 14 12 9 14 19 14 11 16 15 12 14 14 15 15 15 14 14 16 14 15 17 13 14 15 13 13 14 11 17 17 10 13 12 17 13 20 16 12 16 13 13 15 
19 20 12 18 19 23 20 19 16 14 14 13 16 19 17 22 17 16 14 16 15 21 21 16 16 18 21 20 15 17 13 20 17 18 21 17 16 16 15 18 18 15 15 23 16 19 15 13 25 15 17 22 15 13 17 17 16 19 14 14 15 22 22 14 
13 14 15 14 17 15 14 16 13 18 17 14 14 18 17 16 16 16 9 11 14 14 18 16 9 11 17 11 12 16 12 11 13 15 18 14 12 15 12 17 11 15 15 18 12 16 14 10 16 15 15 11 14 12 16 13 14 18 16 11 17 18 15 16 
18 22 12 13 18 20 20 18 12 15 16 16 16 20 16 26 19 17 15 15 12 18 19 17 13 14 18 17 13 18 14 17 13 19 18 18 15 16 14 18 16 12 16 19 13 20 17 11 22 18 16 21 15 14 16 18 20 19 18 15 11 21 19 12 
11 13 7 8 11 13 14 13 9 11 13 10 9 15 11 14 10 8 11 8 10 9 13 14 12 11 12 13 11 13 11 15 11 10 11 15 10 12 10 11 11 7 10 13 5 14 11 10 13 11 16 14 10 10 12 11 9 17 13 11 11 15 11 15 
19 19 14 17 21 19 16 21 16 17 18 15 21 21 19 25 18 14 12 15 17 22 23 18 14 16 22 18 14 21 18 15 15 19 21 20 15 18 14 19 19 17 16 23 16 24 17 14 24 17 19 21 16 14 18 16 16 20 19 14 20 21 22 16 
9 14 13 11 12 19 19 15 14 10 16 12 14 12 11 19 16 13 14 13 12 11 14 14 12 11 16 15 12 13 14 14 13 13 15 13 14 10 12 15 11 12 11 13 8 18 14 13 17 13 12 18 13 10 15 15 10 15 18 12 14 18 14 12 
16 21 14 13 21 19 21 18 18 16 17 19 18 21 17 22 20 16 11 16 16 18 21 17 13 17 19 20 16 20 15 19 19 20 19 21 16 19 16 21 19 12 16 19 16 18 21 13 19 18 22 22 14 15 18 18 17 21 18 18 18 22 17 19 
11 12 12 7 13 15 15 14 10 15 16 11 13 12 14 16 14 13 11 10 10 17 16 11 12 17 17 15 8 14 13 15 14 15 17 13 9 10 13 16 11 11 15 16 12 16 13 11 17 14 13 12 10 9 14 16 15 17 18 12 12 17 17 11 
15 14 12 12 14 19 18 16 13 12 19 11 19 14 14 22 16 16 14 19 13 17 16 14 12 15 17 17 15 19 12 16 17 17 19 18 17 12 16 17 16 13 14 18 13 17 19 14 21 14 15 19 12 13 16 17 14 17 20 14 11 21 20 13 
15 14 13 12 15 15 19 17 12 15 15 13 12 17 18 21 12 16 13 13 13 17 18 14 12 14 19 16 15 17 11 18 16 17 16 16 16 14 13 16 14 12 19 21 13 15 15 13 23 16 14 16 13 12 18 13 18 18 18 15 11 20 22 16 
17 19 11 14 12 19 19 15 10 15 15 15 17 16 11 22 14 14 10 18 12 17 20 15 10 17 16 19 14 17 11 14 13 20 16 16 10 15 15 17 16 10 13 18 12 16 18 12 21 13 15 21 13 13 15 13 17 20 18 18 12 20 14 14 
18 20 17 15 24 26 23 20 18 17 20 17 20 21 21 24 20 21 16 19 16 21 21 20 13 18 22 22 15 20 21 19 21 18 21 25 17 17 21 25 17 16 21 26 19 20 20 16 21 18 25 21 16 18 18 19 16 22 19 20 22 23 21 19 
13 19 14 12 20 21 19 15 11 12 14 13 15 15 15 20 16 16 17 15 11 15 19 14 13 10 13 17 12 12 14 15 16 15 15 14 13 13 16 18 13 11 13 16 14 14 15 13 16 17 17 16 12 14 14 17 17 14 17 15 13 18 19 10 
17 19 15 17 18 22 24 19 16 13 18 16 18 20 15 24 18 17 15 15 13 19 19 20 12 14 21 20 19 17 13 16 16 17 22 17 17 17 10 16 16 13 16 20 13 23 14 16 20 16 13 15 17 14 17 19 19 21 19 17 16 22 16 14 
15 20 17 12 24 21 21 22 17 17 20 16 17 20 15 25 17 16 14 17 17 20 25 13 15 13 22 20 19 16 16 18 20 19 16 22 18 19 18 21 20 16 19 21 17 19 19 15 21 15 22 22 12 13 18 21 16 25 18 18 19 24 25 23 
15 17 11 11 14 14 17 16 12 11 12 14 18 18 17 18 13 15 11 18 16 14 15 13 12 15 14 14 13 14 11 11 12 13 12 18 12 15 10 12 12 11 14 18 14 16 13 13 17 15 16 16 13 17 9 12 17 15 13 14 11 17 12 10 
15 17 16 15 20 19 17 21 13 18 20 12 17 20 19 20 15 19 9 16 16 19 19 15 12 13 21 12 14 18 16 13 15 16 21 18 14 15 18 18 17 16 20 18 16 18 17 12 22 15 19 17 16 13 21 16 13 21 18 16 17 23 20 20 
11 19 17 10 18 22 22 15 14 17 14 17 19 16 13 19 15 13 11 16 14 17 20 19 9 13 17 17 12 15 17 16 17 17 18 19 12 15 14 18 13 13 15 19 17 19 19 15 15 13 19 16 8 12 14 15 14 20 17 19 17 23 13 14 
15 21 16 16 22 20 23 17 15 15 15 17 16 19 23 22 17 18 17 18 15 17 19 18 18 17 22 19 15 20 18 21 19 19 20 18 18 13 15 20 12 15 20 18 14 16 13 11 21 16 22 22 15 17 20 15 20 20 17 16 19 25 18 16 
14 19 11 10 16 17 17 13 12 10 10 11 15 13 13 16 12 14 10 8 11 15 18 11 11 14 13 14 11 14 13 13 15 15 15 16 8 12 12 15 12 9 14 17 11 16 14 9 17 11 12 12 11 12 13 12 13 17 12 12 14 18 15 12 
13 17 14 12 20 17 18 16 14 17 16 14 17 16 17 18 15 18 11 15 13 22 21 14 14 14 17 16 15 18 16 11 16 19 17 18 14 16 15 20 16 14 15 17 17 19 16 11 18 12 18 19 12 13 17 16 13 19 17 14 17 22 17 16 
10 18 15 11 16 16 18 12 17 12 13 15 14 15 14 16 13 16 10 10 14 14 17 13 14 9 16 15 13 15 13 16 14 15 13 17 15 17 12 14 12 11 8 15 10 15 16 10 15 15 16 20 9 11 11 15 13 13 13 15 10 20 15 12 
9 17 13 11 14 15 14 14 11 11 11 12 12 15 12 15 14 13 11 12 12 13 16 10 14 15 14 15 13 9 11 15 15 15 12 13 12 13 12 14 8 11 10 13 10 14 13 12 19 14 14 17 13 9 13 14 11 16 13 15 11 19 15 13 
13 17 16 12 18 21 24 15 13 14 15 15 15 18 23 20 17 19 13 15 14 17 18 18 14 16 19 17 15 19 17 18 18 19 17 21 17 15 11 20 14 13 16 18 11 19 16 9 17 15 23 19 10 18 15 19 18 19 19 15 16 23 16 15 
16 16 15 11 20 23 18 18 14 17 19 15 16 20 14 20 18 15 14 12 13 17 22 19 16 17 21 20 15 18 12 19 17 15 20 14 14 18 15 18 16 16 15 18 13 19 13 14 19 11 19 14 17 9 13 22 12 24 17 15 16 24 17 15 
12 17 14 13 14 18 18 15 14 10 13 10 12 11 15 16 14 12 10 11 12 15 18 16 13 16 16 17 15 14 13 16 18 16 16 16 10 14 13 15 11 11 11 19 10 12 13 11 16 12 13 18 8 9 14 12 11 18 10 14 16 17 15 18 
20 20 22 12 25 25 25 18 18 18 17 22 19 20 21 25 23 20 20 17 18 21 23 19 19 17 27 19 16 21 17 22 24 17 23 23 22 20 17 23 15 15 22 22 19 22 21 16 24 21 22 23 19 18 20 22 19 23 22 18 18 25 24 18 
17 19 18 12 23 23 21 19 19 18 16 18 17 21 23 20 20 21 15 15 18 18 21 19 19 17 20 17 16 22 16 19 21 17 20 22 19 20 16 22 18 17 16 21 20 21 17 15 21 18 21 20 13 12 19 20 15 24 17 16 18 27 19 17 
16 18 14 14 16 22 20 18 13 14 13 10 14 18 17 17 15 14 14 19 17 15 16 17 17 16 14 15 14 16 13 19 16 20 14 21 15 18 14 14 18 12 16 20 12 19 18 12 16 15 18 18 8 14 15 16 14 20 18 12 16 20 17 15 
11 13 12 13 16 19 18 18 15 13 15 14 16 19 13 19 14 14 11 12 12 16 18 15 11 12 19 15 11 14 16 15 11 13 16 18 11 11 13 17 12 9 15 20 15 18 13 14 18 13 15 16 13 10 16 15 12 15 17 18 15 20 13 15 
15 13 10 10 16 17 16 17 13 10 16 11 14 18 16 17 14 15 12 13 12 15 16 12 11 14 15 14 12 14 15 14 13 14 14 15 13 10 11 15 12 10 16 16 8 13 13 10 17 11 17 12 13 14 11 15 14 18 14 11 14 16 20 11 
17 20 14 13 20 24 21 18 15 18 19 16 16 17 18 26 20 18 14 21 17 19 18 18 14 15 19 19 18 18 18 19 19 19 20 18 19 18 17 19 16 21 18 21 18 21 18 13 18 18 22 24 15 13 18 19 17 23 19 17 19 20 18 15 
15 19 22 16 23 21 22 17 18 17 19 17 17 19 18 19 20 21 15 17 19 17 20 19 17 12 20 16 15 18 14 17 15 16 19 17 20 21 15 20 15 14 16 15 15 20 17 16 20 18 19 22 17 18 17 19 18 19 18 17 15 22 17 16 
10 15 12 11 16 13 17 14 10 9 13 12 12 13 10 15 11 10 11 11 11 15 20 8 13 11 14 17 12 12 11 13 9 14 11 11 7 12 11 15 12 11 10 14 10 15 11 12 19 12 14 18 13 9 14 13 12 13 14 13 13 18 14 13 
19 22 17 13 24 24 21 18 15 17 14 18 17 21 22 21 15 19 14 16 13 16 21 18 18 15 20 17 13 17 15 19 18 15 16 19 17 20 12 16 14 17 18 21 16 20 16 13 17 17 24 20 15 15 19 18 20 23 17 17 16 23 18 13 
14 16 12 11 17 14 17 18 11 12 16 13 12 19 16 21 16 11 11 14 16 14 15 10 16 16 17 13 11 16 13 17 14 14 13 16 13 15 13 16 12 11 14 18 14 14 9 12 21 17 17 16 13 11 12 15 16 18 13 15 11 19 18 14 
18 18 18 14 19 20 23 16 14 17 16 18 14 17 15 23 16 16 17 14 14 19 24 15 15 18 21 21 15 18 15 21 20 20 18 19 15 19 14 19 18 14 21 23 18 21 18 14 22 20 16 23 14 13 22 14 20 24 21 16 19 23 20 16 
15 14 13 13 19 20 16 17 14 15 17 11 16 15 18 21 21 12 11 12 11 16 17 16 9 13 21 17 11 16 12 13 10 13 18 14 14 12 11 16 14 14 14 18 11 15 12 11 13 9 19 17 13 15 12 17 16 18 14 9 19 16 16 13 
18 17 17 16 18 19 16 15 12 15 15 13 15 17 19 19 14 21 16 16 15 21 18 14 12 17 20 15 12 19 13 13 18 19 23 14 16 13 12 18 14 15 18 15 17 14 14 11 22 14 15 15 18 12 17 16 18 17 18 14 14 19 21 14 
16 19 12 14 17 20 22 17 12 17 15 15 18 19 16 21 15 16 9 15 16 17 24 17 15 15 21 21 15 18 16 17 15 18 16 19 14 18 16 17 17 13 16 19 15 22 15 13 21 14 18 19 15 11 16 15 15 21 17 15 15 22 17 16 
13 18 13 12 17 19 19 15 14 13 15 13 15 19 18 21 14 16 10 14 15 14 19 17 14 17 16 18 15 17 16 19 14 18 14 19 14 16 13 19 16 13 14 19 13 17 15 11 20 13 17 23 15 14 13 15 15 18 16 19 15 21 13 14 
18 19 14 14 19 23 17 18 12 17 18 14 17 23 16 21 18 19 12 15 13 16 17 17 12 13 18 17 16 15 14 14 12 17 18 19 15 13 13 17 18 14 14 16 14 18 14 13 16 15 20 19 16 13 17 18 18 21 17 18 16 20 17 17 
10 19 18 11 17 15 19 16 11 14 17 13 15 15 15 22 18 14 13 14 17 14 20 15 15 12 21 16 17 13 16 18 19 18 18 16 15 15 15 18 13 15 16 16 16 15 13 12 19 17 15 20 11 12 16 14 16 22 16 15 14 21 18 19 
15 20 15 9 20 20 24 17 16 16 18 15 16 16 17 22 14 18 13 16 13 16 23 16 15 16 18 20 12 17 15 19 20 21 16 19 16 13 16 20 15 16 16 21 13 21 18 14 21 12 21 20 11 15 18 19 17 22 22 20 14 26 20 14 
12 20 14 14 19 19 21 11 15 13 14 14 16 11 17 23 20 17 14 16 11 16 17 17 11 13 18 17 12 14 12 18 19 19 19 16 17 12 17 20 15 14 13 17 17 17 17 12 17 16 17 21 10 16 14 17 18 17 16 16 13 21 18 12 
14 16 14 9 21 18 20 18 13 14 17 17 15 15 15 21 17 19 13 14 14 15 19 16 12 14 20 19 14 18 17 17 18 16 15 20 18 16 17 18 15 13 18 19 15 17 16 17 17 14 21 19 15 14 14 16 14 20 18 16 18 19 17 17 
18 18 18 11 17 19 21 21 12 17 18 16 15 17 19 21 14 18 14 17 20 15 24 13 13 16 21 17 14 18 15 16 17 18 18 23 16 15 16 16 16 12 18 20 18 17 18 17 23 18 17 23 17 11 18 16 15 21 20 17 17 20 21 24 
16 18 17 10 20 20 20 18 13 16 18 16 16 17 16 21 19 17 13 15 14 18 18 15 15 16 16 18 15 16 18 19 17 21 15 18 15 19 17 17 16 13 16 18 16 17 16 15 17 18 16 19 12 8 15 17 16 23 17 14 17 19 22 14 
14 17 16 14 23 18 16 17 15 12 13 16 16 20 14 17 15 19 14 15 17 22 19 13 17 13 18 17 17 13 12 15 18 16 13 19 15 19 16 18 16 14 14 19 15 16 15 15 18 16 23 21 13 15 13 18 11 18 15 19 14 19 19 14 
15 17 17 12 20 18 19 17 15 17 14 19 18 20 18 20 16 17 13 10 16 19 20 16 10 16 18 19 16 18 16 14 18 19 17 15 12 17 11 18 12 16 19 20 15 17 17 14 18 17 21 16 16 16 18 13 16 19 22 17 20 21 15 13 
18 16 14 12 20 20 21 17 15 13 14 14 16 17 18 23 17 13 14 12 13 15 21 16 13 14 18 19 12 19 18 18 18 17 16 16 17 16 10 19 11 15 19 19 12 19 15 13 19 14 18 14 14 11 18 16 18 19 19 10 18 17 21 12 
