0 0 0 0 0 0 0 0 0 0 0 18 0 8 48 0 0 0 0 0 0 0 0 0 0 0 0 0 0 0 0 0 0 0 0 0 0 0 0 42 0 0 0 0 28 0 0 0 0 28 0 42 0 0 0 0 0 0 49 0 0 0 0 0 
0 0 0 46 0 0 0 5 0 73 0 0 93 0 45 0 0 0 0 0 0 0 0 0 0 46 0 0 0 0 0 0 40 64 15 0 0 0 51 64 15 36 8 0 0 7 0 0 0 0 26 24 0 0 5 0 114 0 4 0 0 72 0 0 
38 0 0 0 0 0 6 0 0 0 12 16 12 0 48 0 0 0 0 64 32 0 54 32 24 0 0 0 0 0 0 42 0 30 9 35 0 0 73 0 28 0 21 56 0 63 0 14 0 0 10 0 0 8 28 0 0 24 20 72 36 8 3 9 
89 0 0 0 3 0 10 0 62 0 0 38 0 0 0 0 40 12 9 99 28 0 40 0 55 10 0 12 0 15 0 0 0 0 27 0 4 21 0 6 0 0 20 28 0 0 30 0 0 0 0 0 6 48 0 0 0 0 0 63 0 13 0 0 
10 0 0 0 40 12 0 0 34 0 0 93 78 0 55 42 0 9 0 0 48 0 0 0 0 6 0 57 0 5 0 15 0 0 18 0 21 0 66 30 0 60 0 0 10 0 0 9 3 26 24 54 18 0 12 0 42 0 35 0 0 45 0 0 
9 0 36 81 144 0 27 0 0 0 72 0 0 6 0 9 0 0 45 0 0 81 0 0 0 0 18 0 93 16 0 81 0 9 72 0 0 18 81 0 0 12 14 0 90 9 0 45 18 0 0 0 0 0 0 0 0 0 81 27 6 24 0 2 
0 4 43 12 15 0 8 25 0 15 44 45 25 62 40 34 18 0 56 80 58 0 0 0 72 72 10 0 0 34 2 51 80 0 29 0 76 20 16 0 0 0 0 10 45 8 0 45 0 16 0 0 0 0 0 0 36 26 0 46 0 0 14 5 
49 0 70 0 0 0 54 0 56 0 0 0 40 0 42 0 35 0 0 56 0 0 80 0 10 5 0 0 0 15 0 0 0 25 5 0 0 0 40 42 12 30 0 0 14 0 0 0 0 28 20 62 56 42 0 0 35 0 49 0 30 0 3 28 
5 12 36 0 7 0 6 0 0 0 21 7 0 18 3 81 24 0 27 18 0 0 0 0 0 0 1 0 0 116 12 18 0 0 63 0 0 49 0 14 21 0 0 45 0 36 0 0 0 72 0 0 14 0 0 0 3 22 0 0 9 14 63 0 
28 0 0 30 0 0 0 5 0 25 0 72 93 41 69 0 0 0 0 0 0 0 0 0 0 6 0 0 0 24 0 0 40 0 15 0 0 0 48 0 15 36 21 0 56 0 0 0 0 0 24 24 0 0 5 0 42 0 0 0 9 9 0 3 
0 0 24 0 8 0 0 0 0 0 0 18 0 0 58 54 6 0 0 0 0 0 0 12 0 45 0 0 0 54 6 0 0 72 0 0 0 0 6 30 0 0 9 30 10 24 0 0 0 68 0 30 6 3 0 0 0 9 35 0 0 0 42 0 
24 0 0 0 0 0 0 0 0 0 0 12 0 0 0 0 0 0 0 30 24 0 0 0 0 0 0 0 0 0 0 0 0 0 0 0 0 0 0 0 0 0 0 24 0 0 0 0 0 0 0 0 0 0 0 0 0 0 0 54 0 6 0 0 
40 0 66 36 0 0 14 6 16 30 0 56 54 27 78 36 4 0 9 45 0 0 0 0 0 25 8 0 0 36 28 0 48 40 30 0 0 6 0 0 18 0 5 20 27 16 0 27 0 41 0 27 25 0 6 0 24 56 0 0 0 24 28 32 
0 0 44 28 36 0 0 0 8 0 24 6 0 0 42 4 0 3 0 20 0 0 7 0 0 0 0 17 46 0 12 0 4 5 0 0 7 0 0 48 0 48 0 8 18 4 1 15 0 56 8 42 0 0 20 0 28 6 53 20 0 0 24 0 
0 0 36 3 9 0 0 40 0 0 0 0 0 18 15 47 2 0 0 30 47 0 0 0 0 30 5 32 8 18 2 0 0 22 12 0 12 0 0 0 0 0 0 10 64 9 0 18 0 22 0 18 6 0 0 0 18 18 0 30 18 0 14 0 
0 0 32 24 72 0 0 0 0 0 0 0 0 7 5 8 2 0 7 6 0 0 0 0 9 0 0 0 64 2 0 0 9 8 0 0 0 0 0 0 0 0 0 0 8 8 0 0 0 0 0 0 0 0 0 0 0 2 0 0 0 0 0 0 
45 32 7 63 0 8 30 40 0 54 62 0 0 58 12 0 0 0 9 5 75 0 0 0 56 24 4 0 0 0 0 48 16 0 0 0 0 0 27 0 0 72 73 0 36 98 0 27 2 18 10 0 2 0 36 0 7 8 21 29 72 0 6 0 
26 0 63 14 55 0 0 45 14 69 0 183 87 24 60 0 0 0 0 43 102 0 0 28 0 0 14 56 0 7 0 21 0 0 14 35 28 36 63 56 0 0 0 12 42 0 0 81 42 0 0 0 0 7 0 0 63 39 0 54 0 129 0 9 
64 20 63 46 0 0 0 1 0 5 67 14 17 0 9 0 10 0 0 132 28 0 10 25 8 0 0 0 42 0 15 0 8 0 15 0 0 36 0 0 3 24 14 44 0 0 0 0 0 0 0 0 0 12 1 0 63 0 9 153 0 7 56 6 
10 0 0 0 20 0 8 0 10 0 0 66 30 17 36 0 0 0 5 0 0 8 0 1 32 4 0 0 0 5 0 19 0 0 4 0 0 2 9 24 0 0 16 0 36 0 0 0 0 16 0 24 0 0 0 0 0 0 28 0 0 53 0 8 
63 28 56 91 71 7 59 32 122 58 14 74 27 40 63 56 0 0 5 49 44 0 69 35 33 46 5 0 0 2 36 6 64 15 17 0 0 12 0 48 0 0 25 0 37 35 54 27 0 32 0 48 64 0 0 0 15 73 56 72 58 32 0 35 
0 0 0 0 28 0 0 32 8 5 0 69 8 0 47 7 9 3 30 25 20 0 121 9 0 25 49 11 0 0 0 36 0 7 18 0 46 0 8 0 40 6 0 56 36 25 79 0 54 0 40 4 21 5 0 0 7 42 0 24 54 0 0 0 
25 24 52 24 54 0 15 16 0 0 42 35 0 77 15 6 0 0 0 35 0 0 0 0 0 0 5 0 48 0 15 36 32 6 12 0 0 0 0 0 0 0 0 0 27 6 0 21 0 7 0 21 7 0 0 0 33 51 0 0 0 0 0 0 
10 0 56 8 20 0 0 0 10 0 88 30 30 0 0 28 1 0 0 40 32 0 8 1 0 0 21 39 7 5 6 87 2 0 20 0 12 0 0 3 0 4 0 0 72 0 8 0 6 9 8 0 0 0 0 0 56 0 8 64 6 45 48 0 
0 0 0 0 0 28 0 0 0 0 3 9 0 22 3 0 0 0 36 8 0 48 0 6 0 24 32 0 0 0 0 0 2 0 32 0 3 24 66 0 0 0 0 0 7 0 0 0 2 0 0 32 2 0 0 24 0 12 4 4 0 64 0 64 
16 0 0 0 6 6 0 0 0 24 0 8 0 67 35 90 21 0 67 62 64 0 92 7 63 0 35 48 0 92 0 0 63 0 72 0 18 42 0 12 0 0 42 16 0 0 56 0 42 0 28 0 12 0 0 0 0 14 0 36 60 46 0 6 
14 0 16 0 8 45 0 0 0 0 15 0 0 90 45 85 32 0 87 110 56 0 10 0 81 0 72 56 0 94 4 0 91 0 93 0 36 74 0 16 0 0 0 20 0 16 0 0 0 32 0 72 16 12 0 54 0 45 9 20 0 16 28 0 
0 0 0 0 0 0 0 0 0 0 0 45 25 0 0 0 0 0 0 0 15 0 0 0 0 0 0 0 0 0 0 0 0 0 0 0 0 20 0 0 0 8 0 0 0 0 0 48 0 2 0 0 0 0 4 0 0 10 0 15 0 0 0 5 
0 0 69 18 63 0 18 15 0 14 0 63 35 5 0 60 6 0 40 25 42 40 0 5 72 20 0 0 48 54 6 0 0 6 15 0 0 28 45 0 40 0 36 30 6 55 0 63 0 48 0 0 0 5 0 0 0 14 0 21 0 0 42 7 
0 0 0 0 0 32 0 0 0 0 0 0 0 42 30 0 32 0 50 60 0 0 0 0 54 0 0 0 0 12 0 0 54 0 0 0 0 0 48 0 28 0 0 0 0 0 0 0 8 0 0 0 8 0 0 0 0 32 0 0 12 0 0 0 
0 0 42 0 20 2 5 0 0 8 36 45 0 0 25 16 25 0 32 60 0 0 92 0 45 0 0 0 0 35 0 0 0 39 36 0 0 8 0 25 35 0 0 0 0 0 0 0 0 0 0 0 15 0 45 0 54 72 6 30 57 36 36 32 
112 0 0 0 0 0 0 24 64 0 0 54 30 27 54 0 40 0 0 128 74 0 40 36 0 20 0 0 0 72 0 0 0 32 0 56 0 24 18 0 0 48 67 0 0 72 0 54 48 0 0 0 0 57 0 72 0 39 0 18 27 27 0 71 
0 0 0 0 0 0 14 0 0 0 0 0 0 0 0 0 0 0 0 0 0 0 0 0 56 0 0 0 0 0 0 0 0 0 0 0 0 0 27 0 0 0 28 0 0 63 0 0 0 0 18 0 0 0 0 0 0 0 36 0 0 0 0 0 
0 0 49 0 18 0 0 30 0 18 12 0 0 0 0 0 0 0 21 5 42 0 0 0 0 0 0 0 0 0 0 6 0 0 28 0 0 14 0 0 0 0 0 0 3 6 0 0 0 0 0 5 0 0 0 0 7 0 1 5 0 56 12 56 
0 36 0 0 4 0 27 3 8 0 63 81 40 54 5 0 0 0 0 8 31 0 81 0 18 0 0 0 0 0 0 54 0 45 9 7 0 32 0 0 0 6 0 0 0 9 0 72 6 0 0 0 3 0 0 9 0 16 0 24 54 0 0 15 
25 0 0 0 54 0 0 72 0 0 6 35 0 48 56 0 8 0 28 42 21 0 0 0 36 66 12 0 0 8 15 0 68 63 0 0 0 0 0 0 0 0 0 0 81 0 0 0 0 0 0 0 0 0 0 0 69 113 0 42 54 0 0 0 
45 0 0 63 0 16 0 0 0 54 0 0 0 0 0 0 9 0 9 0 63 0 72 9 0 0 45 0 0 0 0 0 0 0 0 0 0 0 24 0 0 0 45 0 0 63 72 0 58 0 36 0 4 0 0 0 0 0 0 0 126 0 0 0 
79 0 28 56 0 64 0 0 14 78 30 0 14 0 0 0 0 0 6 0 42 0 0 0 0 35 36 0 0 69 63 84 0 56 6 0 6 0 42 56 16 0 37 0 54 84 42 0 7 18 0 0 7 0 0 0 63 0 30 53 83 63 4 0 
0 0 32 78 135 84 27 27 72 0 81 0 0 0 0 8 40 0 61 120 63 81 0 0 0 0 32 0 64 0 0 94 0 8 63 63 8 0 135 0 56 54 0 0 35 199 0 45 81 24 0 45 9 0 0 81 0 40 121 0 24 18 54 63 
3 28 0 56 27 0 0 0 0 0 10 0 0 4 18 0 0 0 8 37 0 32 0 39 0 28 0 0 7 0 21 0 0 0 14 0 0 6 36 18 0 4 0 0 15 0 0 0 0 12 0 18 0 0 0 0 0 0 21 63 0 0 0 0 
77 0 28 0 2 0 0 40 0 0 0 0 0 27 15 63 52 0 6 108 15 0 45 0 0 30 23 72 0 145 7 0 0 0 36 45 36 14 63 4 0 0 63 35 45 28 0 0 54 56 0 0 4 54 0 0 0 0 0 30 27 31 49 9 
78 0 28 21 0 35 0 0 0 18 0 0 0 21 0 112 7 0 3 0 77 0 0 0 0 0 56 56 49 63 7 0 0 0 21 0 21 56 0 0 0 28 15 35 0 49 0 0 0 56 0 56 0 0 0 42 0 21 7 0 24 0 49 0 
20 0 0 66 0 0 1 6 24 54 0 18 54 0 102 0 0 9 4 0 28 0 0 32 0 0 0 9 0 0 0 4 48 0 22 0 3 0 16 0 18 0 20 0 0 28 0 0 0 0 0 0 0 8 6 0 6 24 0 0 32 0 0 0 
20 24 0 28 0 0 12 0 0 24 42 0 0 36 0 0 0 0 8 4 28 0 70 0 14 0 2 8 0 14 0 66 0 8 8 30 52 0 37 10 20 0 20 64 0 48 8 10 6 0 0 0 0 0 38 0 0 62 0 0 32 0 0 0 
6 0 4 0 0 0 0 0 46 0 0 0 10 3 6 0 25 0 10 35 0 0 0 0 18 12 0 0 0 35 45 0 0 0 0 0 0 0 0 6 35 0 0 0 5 0 66 3 0 5 0 9 1 0 0 0 0 25 7 25 40 0 0 0 
8 0 0 0 0 0 0 15 40 0 0 4 0 0 0 0 0 0 0 50 43 0 0 0 0 0 0 0 0 0 0 0 0 0 0 35 0 0 0 0 0 30 0 8 0 45 0 0 30 0 0 0 0 0 0 45 0 0 0 18 0 2 0 35 
7 0 7 0 0 6 0 15 52 0 12 7 0 0 3 0 0 0 0 40 35 0 0 0 6 4 5 0 0 5 3 53 0 0 0 35 1 0 0 0 4 30 0 0 6 64 12 0 30 3 0 10 0 0 0 45 3 7 5 0 0 0 13 35 
4 0 0 0 3 0 0 0 0 0 0 2 0 9 0 0 5 0 27 5 4 72 40 14 0 36 25 0 0 15 0 0 0 0 27 0 0 21 81 6 0 0 0 4 0 0 40 0 30 0 20 0 6 0 0 0 0 0 0 9 30 7 0 0 
14 0 42 18 57 25 51 0 48 0 13 0 16 21 54 0 0 0 27 12 0 75 0 6 0 42 40 0 0 0 0 0 0 0 21 0 0 10 97 54 0 12 0 0 30 0 0 15 6 36 8 102 48 0 0 30 14 15 95 0 0 6 0 24 
28 0 63 0 0 0 0 0 0 0 0 50 20 0 0 0 0 0 10 35 40 0 35 0 35 0 0 0 0 80 0 0 0 49 15 0 0 16 9 25 36 0 0 28 0 21 0 36 0 0 6 0 0 0 45 0 42 85 12 75 42 7 9 4 
21 0 12 44 38 12 22 18 48 0 51 0 0 0 0 27 8 0 36 54 42 45 0 0 0 0 8 0 0 42 3 46 0 0 90 42 2 21 45 6 7 36 0 15 18 116 0 25 46 30 0 30 6 0 0 54 42 5 55 0 3 16 57 42 
0 0 42 0 0 0 0 0 0 6 36 0 0 0 0 0 0 0 36 92 0 0 0 0 0 0 16 64 0 0 0 0 0 0 34 40 32 0 56 0 48 0 0 0 0 30 0 0 48 0 0 0 0 6 0 0 42 0 6 30 0 0 36 0 
27 8 0 35 0 0 11 20 2 30 18 0 6 37 0 0 0 0 29 8 35 0 63 0 18 0 0 0 0 7 9 12 40 80 40 0 0 16 0 0 0 0 32 8 0 35 6 0 0 0 0 0 72 0 0 0 0 65 0 5 150 64 1 67 
37 0 142 67 60 0 63 32 78 80 0 18 63 42 63 5 0 0 18 75 71 0 63 0 66 2 0 0 40 127 0 0 56 12 48 0 0 0 0 85 21 0 56 36 23 5 6 18 0 6 0 18 78 0 88 0 51 69 0 81 30 78 0 44 
0 0 0 12 0 48 0 2 0 10 0 0 18 56 58 0 16 0 56 48 0 0 0 0 72 0 32 0 0 16 0 40 88 0 6 0 8 0 18 0 6 0 0 0 0 98 0 0 0 24 12 0 0 0 2 0 0 16 64 0 0 0 0 0 
25 0 0 35 32 15 0 0 8 30 0 78 0 9 40 0 0 3 5 0 35 0 14 0 0 0 24 3 0 0 0 12 0 2 0 10 13 6 12 0 8 0 25 16 0 43 2 4 0 0 0 24 24 0 8 18 0 21 3 0 40 0 0 0 
0 32 0 72 0 1 0 0 48 4 8 108 104 6 0 8 0 18 14 32 24 48 13 46 7 32 0 25 7 7 30 0 2 0 19 0 6 32 118 8 0 108 0 0 0 0 0 93 0 23 36 32 0 0 37 0 56 23 0 96 0 2 0 8 
86 0 0 0 45 45 0 0 30 0 5 16 0 27 36 0 35 0 16 123 32 0 49 24 29 30 78 24 0 14 0 0 0 0 28 15 12 26 57 10 0 0 0 32 15 56 30 0 18 0 16 72 0 48 18 54 0 59 41 72 0 40 0 32 
40 0 44 21 63 0 0 56 0 0 0 65 0 16 96 15 0 0 0 20 25 0 35 32 0 78 15 0 56 0 24 12 0 12 0 10 62 0 36 0 8 0 0 40 89 15 5 16 0 4 0 12 4 8 8 0 24 110 0 42 0 0 0 0 
4 0 0 14 0 25 0 6 18 42 0 2 2 15 0 63 0 0 0 21 90 0 21 0 0 10 40 72 0 7 9 0 0 19 27 14 45 10 0 56 0 12 2 28 0 18 9 0 12 0 0 40 0 0 0 48 63 33 5 14 5 64 0 14 
0 0 0 0 0 0 0 0 0 0 0 0 0 8 0 0 3 0 16 0 0 64 24 11 0 32 15 0 0 0 0 0 0 0 0 0 0 0 72 0 0 64 0 0 0 0 24 24 18 16 12 0 0 0 32 0 0 0 0 0 18 0 0 0 
42 0 78 4 0 0 2 104 0 0 0 0 0 74 44 0 32 0 21 99 27 0 79 8 58 54 9 0 0 81 0 0 73 21 29 0 0 0 4 35 24 0 0 0 108 0 0 27 0 9 0 27 9 38 63 0 30 107 0 54 18 0 6 0 
0 0 0 0 5 15 0 0 0 0 0 0 0 9 0 28 30 0 27 36 32 0 0 0 0 0 24 32 0 25 0 0 0 0 57 0 12 41 0 10 42 0 0 0 0 0 0 0 0 0 0 24 10 0 0 18 0 39 3 0 18 10 0 0 
0 32 0 98 25 0 9 0 6 48 17 9 6 35 78 0 10 0 50 62 0 27 0 72 45 0 0 0 0 31 51 0 45 0 37 0 0 0 43 64 0 0 0 0 0 0 18 15 6 0 0 0 3 8 0 0 72 34 27 87 15 78 0 0 
