0 0 0 0 0 0 0 0 0 0 0 0 0 0 0 0 
0 0 54 0 0 0 72 0 0 0 0 0 0 0 0 0 
30 54 8 0 0 0 0 0 16 0 0 80 0 0 18 0 
0 0 0 0 0 0 0 0 0 0 0 0 0 0 0 0 
0 0 8 0 0 0 0 0 16 0 0 32 0 0 0 0 
0 0 0 0 0 0 0 0 0 0 0 0 0 0 0 0 
0 0 0 0 0 0 0 0 0 0 0 0 0 0 0 0 
0 0 0 0 0 0 0 0 0 0 0 0 0 0 0 0 
3 9 0 0 18 0 0 0 24 8 0 0 0 0 0 12 
0 0 0 0 0 0 0 0 0 0 0 0 0 0 0 0 
0 0 0 0 0 0 0 0 0 0 0 0 0 0 0 0 
0 0 0 0 0 0 0 0 0 0 0 0 0 0 0 0 
10 16 0 0 0 0 0 8 0 0 0 16 0 0 6 56 
0 0 2 0 0 0 0 0 4 0 0 8 0 0 0 0 
0 0 0 0 0 0 0 0 0 8 0 0 0 18 0 0 
0 0 10 0 0 0 0 0 20 0 0 40 0 0 0 0 
