272 398 320 434 448 469 280 389 437 347 288 240 409 309 399 438 
350 355 381 389 412 540 292 389 465 367 272 275 419 351 461 424 
251 289 241 311 332 326 217 270 292 229 224 148 293 196 313 301 
358 365 363 324 397 520 325 397 497 371 305 310 383 352 395 468 
271 314 341 368 362 419 295 391 405 322 274 233 362 262 375 391 
245 333 296 364 362 376 214 318 319 315 232 198 348 266 356 375 
294 327 227 326 325 363 250 246 372 262 209 180 291 268 338 361 
403 399 330 335 330 441 328 292 413 275 345 202 317 275 393 454 
288 304 249 293 310 363 252 313 385 300 201 219 293 256 326 351 
374 387 384 356 335 485 321 409 435 355 316 217 389 276 436 423 
403 399 363 343 388 559 344 410 449 320 341 287 404 219 438 419 
307 356 319 381 447 390 298 381 395 275 298 233 348 362 355 441 
392 420 423 421 400 509 384 387 481 247 429 200 347 322 435 486 
365 410 346 310 333 488 321 350 468 325 336 212 333 237 419 416 
329 406 247 304 314 406 282 279 411 296 290 172 302 245 373 400 
383 416 349 355 406 499 337 427 481 394 292 260 419 244 420 435 
