72 18 5 0 0 0 0 0 0 24 124 4 0 0 0 0 133 54 53 0 28 0 0 0 0 40 0 0 0 0 0 0 0 0 0 5 0 0 18 0 27 0 0 0 30 0 35 18 0 15 0 0 0 0 0 0 67 0 4 0 25 0 0 18 
12 0 86 15 0 0 0 20 55 0 24 21 0 0 0 0 24 0 56 0 0 24 64 0 0 0 7 30 10 46 0 16 0 71 0 0 0 0 0 0 0 0 0 0 0 0 20 0 0 0 0 0 21 0 0 0 0 72 32 0 56 0 72 0 
0 0 62 0 0 0 0 8 0 32 64 0 0 0 0 0 32 63 56 0 0 18 0 0 0 64 0 93 4 12 12 0 6 6 0 26 0 63 0 0 0 0 0 0 48 0 64 0 79 24 18 14 0 0 0 0 92 0 10 0 154 0 54 0 
24 0 2 30 0 50 0 0 103 0 0 42 0 0 5 4 0 0 82 0 15 0 0 20 0 0 0 0 0 77 0 0 18 0 0 0 1 0 0 56 0 0 0 20 0 0 0 5 9 0 0 0 16 0 18 16 0 0 0 15 15 65 0 0 
47 0 18 7 56 19 0 10 49 2 41 0 0 37 35 0 4 45 79 98 10 6 0 72 0 25 0 0 0 2 14 0 39 45 0 36 0 0 8 10 0 0 5 0 0 83 14 81 16 0 21 18 0 20 29 35 14 0 10 14 78 143 0 0 
0 3 6 0 0 24 0 0 0 5 0 0 0 0 0 0 0 0 0 0 0 6 0 0 0 0 0 0 0 0 0 0 0 0 0 6 0 0 0 0 0 0 0 42 0 0 0 0 0 0 0 0 0 0 0 48 0 8 0 0 4 0 0 0 
49 21 49 36 0 34 0 14 16 35 0 81 12 18 49 0 3 54 74 0 18 63 27 0 8 35 4 0 0 0 5 0 0 103 36 42 0 9 0 8 0 46 23 32 0 40 0 45 27 0 0 0 12 28 0 0 0 74 0 1 98 0 63 0 
0 0 70 72 27 16 0 0 0 0 15 0 53 0 0 0 0 0 0 0 0 136 0 0 0 64 0 0 16 18 0 0 0 0 0 3 0 0 0 0 0 8 0 0 0 0 0 8 9 8 0 0 0 64 0 0 0 0 0 0 0 0 64 58 
0 27 0 8 64 0 0 0 0 45 0 0 0 56 0 0 0 63 0 72 0 63 21 36 18 12 0 81 0 114 0 0 28 0 0 81 54 105 0 0 0 42 32 0 54 0 58 0 63 21 0 36 48 0 46 94 112 144 0 16 206 18 0 24 
0 38 7 0 56 6 0 0 7 64 80 33 0 68 0 64 28 0 53 0 0 0 29 48 0 56 20 20 32 5 0 0 0 0 4 7 0 0 0 8 16 2 0 38 42 0 49 5 0 21 0 15 0 0 57 18 49 2 0 0 65 8 0 0 
0 16 0 0 49 0 0 0 0 55 0 5 0 49 0 101 0 0 0 0 0 18 47 42 0 35 16 16 28 36 0 0 0 0 0 0 0 0 0 0 14 0 0 28 0 0 0 0 0 0 0 12 0 0 30 0 54 0 0 0 12 0 0 48 
24 54 0 15 21 0 0 9 0 6 87 96 0 57 0 24 0 0 0 0 0 21 69 18 0 0 0 0 12 48 36 0 18 0 0 54 0 0 6 9 6 0 0 9 0 15 0 18 48 0 54 71 0 0 84 54 63 0 51 0 45 37 0 56 
48 12 3 0 28 0 0 0 52 8 84 46 0 28 0 32 87 36 44 0 0 0 40 24 56 0 4 0 16 20 35 0 16 32 16 3 24 99 12 3 26 0 0 0 6 0 0 12 0 0 0 0 16 0 8 0 0 0 0 19 0 0 0 22 
0 0 0 0 0 15 0 0 0 0 9 28 42 0 0 0 0 0 0 0 0 0 0 0 28 0 0 0 27 0 0 0 0 0 9 32 0 0 15 0 0 0 0 0 24 0 6 0 0 0 6 0 0 0 21 0 0 0 0 0 0 0 8 12 
9 21 16 18 0 52 0 0 56 35 16 0 20 0 30 0 0 0 0 40 0 45 0 0 0 0 0 25 0 0 0 0 0 0 0 42 0 0 0 4 0 24 0 79 0 58 0 0 0 0 30 3 5 40 0 72 30 56 0 0 35 96 9 15 
27 12 36 0 0 68 0 24 105 20 19 0 0 3 0 0 0 30 32 0 0 27 0 8 0 0 0 36 48 70 0 0 0 18 12 24 0 2 20 64 35 0 0 0 32 0 32 9 0 0 14 58 0 0 28 0 0 32 0 35 16 140 0 0 
14 0 8 0 0 65 0 4 102 32 136 119 0 0 74 12 56 0 68 0 0 0 77 0 63 74 0 0 0 40 0 0 0 18 32 80 51 72 0 0 0 0 0 38 48 0 56 15 90 24 0 0 11 8 0 0 56 0 0 0 46 27 18 0 
72 18 0 36 3 0 0 0 8 22 105 6 54 27 20 36 98 54 18 0 14 0 32 90 0 47 0 0 0 0 0 0 21 36 36 9 0 0 18 8 27 34 110 32 0 5 0 99 0 0 0 0 0 0 0 12 70 5 2 0 21 36 0 18 
72 24 0 0 9 0 0 0 24 10 80 0 0 0 6 0 84 89 46 0 0 12 0 16 28 3 8 0 0 32 28 0 0 0 0 51 0 0 42 56 39 71 15 63 24 3 0 18 12 0 32 0 0 21 0 24 4 43 0 0 8 0 0 46 
0 20 0 0 0 45 0 0 0 20 78 7 0 45 0 0 0 54 63 0 18 42 0 72 7 0 20 20 81 48 0 0 21 0 27 8 0 12 45 0 0 0 9 35 72 36 18 81 0 0 18 15 0 0 104 0 72 0 0 0 15 36 2 64 
0 28 41 0 0 27 0 0 0 28 0 0 0 0 20 16 16 35 16 0 0 24 0 0 0 0 25 65 0 0 8 0 72 0 0 40 4 35 32 8 0 0 0 59 0 56 0 20 98 0 0 15 4 0 20 0 76 0 0 1 55 84 0 0 
0 0 7 0 27 61 0 0 93 28 73 63 0 0 42 0 37 0 68 0 0 0 21 0 0 65 2 20 45 15 7 0 0 0 43 88 0 0 31 24 3 23 45 0 82 9 59 35 21 21 18 0 0 0 35 0 74 62 0 0 35 24 0 7 
0 0 0 0 0 0 0 0 0 0 0 0 0 0 0 0 0 0 0 0 0 0 0 0 0 0 0 0 0 0 0 0 0 0 0 0 0 0 0 0 0 0 0 0 0 0 0 0 0 0 0 0 0 0 20 0 0 0 0 0 0 0 0 0 
0 0 0 0 0 9 0 0 0 0 0 36 7 0 0 0 0 0 0 0 0 18 0 0 0 0 0 0 0 36 0 0 32 0 0 0 0 0 0 0 0 0 0 0 12 0 0 0 9 0 0 0 0 0 0 0 54 0 0 24 0 0 0 70 
0 120 14 0 0 0 0 0 0 0 64 64 0 32 0 0 0 0 0 0 0 14 48 0 0 0 45 0 0 6 36 0 18 0 0 59 0 0 0 5 0 0 0 8 0 0 10 0 48 0 54 42 0 12 56 48 0 0 30 9 40 0 0 0 
42 33 3 15 0 2 0 9 7 45 41 24 0 0 0 0 27 38 33 5 0 54 12 0 40 16 0 0 0 32 0 0 9 0 0 57 72 56 12 44 9 20 0 36 0 22 0 24 0 0 0 75 64 12 49 0 0 72 21 0 52 54 0 6 
23 0 61 25 70 4 0 0 66 18 67 91 42 21 45 44 16 42 28 0 14 18 1 6 56 32 0 0 4 77 0 0 0 0 0 75 9 0 0 0 17 0 7 61 24 28 28 45 102 12 0 22 9 0 2 8 28 0 0 15 62 89 70 0 
0 20 0 36 27 0 0 0 72 28 0 0 0 0 18 0 9 7 0 0 0 59 0 0 24 25 8 17 0 32 0 0 0 0 0 105 72 63 0 8 0 28 45 46 0 13 25 0 7 0 0 54 64 30 48 0 4 77 0 0 46 24 0 0 
0 0 0 0 42 0 0 0 0 12 0 9 0 42 0 48 0 0 0 0 0 0 9 36 0 0 0 0 24 0 0 0 0 0 4 0 0 0 0 0 12 2 0 0 0 0 0 5 0 0 0 0 0 0 12 0 0 2 0 0 0 0 0 0 
101 10 0 0 0 14 0 0 91 28 54 0 0 19 42 0 45 81 10 35 12 0 0 21 0 0 21 0 0 0 0 0 0 63 0 0 0 0 10 0 15 0 6 0 0 73 63 10 0 0 3 4 0 0 0 0 0 0 0 0 0 95 0 10 
16 36 32 100 88 0 0 0 176 36 0 28 30 0 88 0 8 0 0 72 0 36 8 0 15 18 36 36 8 48 0 0 0 20 0 72 45 35 0 8 20 28 99 127 0 12 16 4 0 4 0 85 40 0 112 40 0 94 0 36 109 15 32 24 
72 50 0 0 0 10 0 0 0 32 72 0 0 45 0 0 81 153 18 0 27 40 0 36 0 49 32 41 0 0 0 81 0 0 0 0 0 0 81 0 27 5 0 56 0 0 0 18 81 0 9 24 27 40 32 0 0 0 0 27 51 0 0 18 
0 6 0 0 0 0 0 0 9 0 17 150 54 4 0 0 3 0 0 0 0 0 33 0 21 14 0 0 0 33 0 0 72 36 28 0 69 58 0 0 0 12 63 1 27 0 0 30 0 0 0 42 57 0 42 6 0 12 0 54 19 21 0 45 
68 14 0 0 0 0 0 0 16 0 56 9 0 0 0 0 63 42 46 0 0 0 0 12 0 0 4 0 0 24 0 0 8 32 0 9 0 0 14 0 21 0 28 0 21 0 0 14 0 0 0 4 12 0 0 18 0 63 0 6 0 32 0 19 
42 0 0 0 0 0 0 0 54 24 18 14 0 78 36 0 6 0 0 0 0 0 45 26 0 0 18 0 0 26 0 0 36 54 8 6 12 18 0 0 0 54 0 0 12 0 108 0 0 27 0 0 2 0 0 12 63 0 0 0 18 0 0 0 
121 18 0 0 0 4 0 8 0 0 84 27 63 40 28 0 93 54 42 0 0 0 47 0 0 20 0 0 0 27 0 8 20 36 0 0 24 0 18 0 27 30 0 0 0 0 30 18 0 33 15 0 0 16 0 0 35 36 16 0 22 0 0 36 
0 0 0 0 0 0 0 0 21 0 28 0 0 0 0 0 0 0 0 0 0 45 0 0 0 0 0 0 0 48 0 0 0 0 0 0 0 14 0 0 15 0 0 0 0 0 0 0 0 0 0 21 0 0 0 0 72 0 0 15 0 0 0 64 
49 12 30 0 0 0 0 0 42 54 12 0 8 7 67 20 24 0 12 0 0 42 32 21 0 0 21 0 0 2 18 8 60 63 0 72 5 0 24 6 0 4 0 30 0 42 63 25 61 0 30 14 7 16 0 0 42 68 26 0 16 81 0 6 
0 24 10 4 80 25 0 0 8 0 96 32 101 16 2 0 25 0 0 36 0 0 88 0 0 1 0 0 45 30 0 16 0 0 15 14 0 0 25 0 0 18 5 4 40 1 18 0 15 0 64 0 9 72 71 44 0 77 32 8 56 0 0 37 
14 0 0 0 0 0 0 0 0 0 0 18 49 0 0 0 0 0 0 0 0 0 0 0 0 0 0 0 0 18 0 0 0 0 0 0 16 0 0 0 0 0 0 0 0 0 0 0 0 12 10 0 0 0 10 0 0 0 0 0 0 0 0 14 
42 0 12 5 54 48 0 8 56 4 6 54 0 14 0 16 6 0 95 45 0 21 18 12 0 0 0 12 12 146 0 4 21 6 0 0 48 0 0 64 4 0 0 0 0 0 18 0 0 36 30 0 0 0 35 25 63 18 8 10 45 64 0 56 
0 0 12 54 9 4 0 8 44 0 0 0 0 0 6 0 3 0 40 0 0 16 0 0 0 19 5 12 4 10 0 0 0 46 0 27 0 0 0 12 0 44 27 48 0 9 8 0 0 0 0 0 15 16 0 0 0 42 0 0 0 0 0 0 
0 0 5 0 0 0 0 0 0 40 14 8 0 12 48 72 0 15 7 0 0 0 64 32 12 56 2 40 0 0 7 0 0 0 0 5 0 0 6 29 3 24 0 27 0 0 0 36 3 0 8 0 0 9 0 0 49 3 0 0 0 16 0 7 
0 56 12 63 9 0 0 0 24 10 27 81 0 0 6 0 98 35 2 0 63 3 24 0 84 3 35 0 0 0 36 0 9 0 32 32 0 63 4 71 0 100 15 119 0 17 0 40 0 0 0 0 0 21 0 0 79 31 9 14 0 6 0 0 
78 16 5 9 0 2 0 4 0 1 64 0 0 50 14 0 74 102 30 0 18 3 12 0 0 10 0 0 0 0 1 0 25 18 0 5 0 0 20 3 24 31 9 8 0 44 24 16 0 12 0 0 0 8 45 0 35 0 0 0 14 6 0 16 
0 0 10 0 45 6 0 0 7 0 70 0 30 34 15 0 27 63 67 0 4 0 72 15 0 6 18 6 0 35 63 72 0 0 30 5 0 0 96 8 27 86 37 0 0 8 0 0 96 0 75 0 0 0 0 0 54 108 36 0 0 8 0 63 
16 24 47 20 54 45 0 0 43 0 62 60 36 16 0 0 0 0 0 0 0 27 24 0 0 0 0 0 0 88 0 0 0 0 0 6 0 0 0 0 5 0 0 4 0 0 0 0 63 0 0 7 0 0 68 24 36 0 0 5 55 0 45 32 
136 16 0 70 28 0 0 24 171 8 104 106 8 44 81 32 72 96 16 0 16 15 45 24 0 0 0 0 16 72 0 0 0 0 0 0 0 0 32 24 77 4 8 36 0 72 0 64 0 0 12 135 2 16 8 0 45 0 56 45 0 56 0 62 
24 20 32 66 0 33 0 0 82 20 0 42 0 0 0 0 0 28 16 0 0 36 0 0 0 0 20 56 8 62 0 0 0 0 0 0 0 28 0 32 0 0 0 35 0 0 0 4 37 4 0 15 0 0 20 0 16 0 0 0 47 32 32 24 
0 0 0 8 64 0 0 0 63 0 66 49 0 0 35 28 24 20 0 72 0 0 71 0 16 0 0 0 0 35 0 2 0 0 28 0 49 63 0 32 0 20 0 78 0 0 16 35 63 0 0 0 14 12 16 40 0 9 4 16 72 63 0 0 
0 0 0 0 0 8 0 0 0 35 0 7 0 8 6 63 0 0 0 0 0 32 59 6 0 81 0 0 0 0 0 0 4 0 12 0 0 0 0 0 0 12 14 0 0 0 6 0 0 3 0 0 0 32 0 0 25 0 0 0 2 0 0 0 
72 66 6 0 0 0 0 0 0 0 72 0 0 16 0 0 81 54 18 0 0 0 6 0 0 30 30 0 0 4 24 0 55 0 0 36 0 0 18 0 27 12 0 0 0 0 12 18 32 6 36 28 0 0 0 20 14 0 20 6 39 0 0 18 
56 0 0 0 0 0 0 0 48 32 0 0 0 8 48 0 0 42 0 0 27 14 0 60 0 0 24 54 0 0 0 0 0 72 0 0 0 42 0 0 0 0 0 0 0 0 82 0 42 0 0 0 27 12 0 0 24 0 0 27 75 0 0 0 
0 0 0 0 0 0 0 0 0 0 0 0 28 0 0 0 0 0 0 0 0 0 0 0 0 0 0 0 0 0 0 0 0 0 0 0 0 0 0 0 0 0 0 0 0 0 0 0 0 0 0 0 0 0 0 0 0 0 0 0 0 0 0 8 
4 0 0 5 0 0 0 0 9 0 18 49 0 109 0 0 18 69 0 0 0 0 72 0 54 9 0 9 0 7 0 93 32 0 0 48 0 0 63 24 0 63 20 27 0 0 48 0 81 24 0 0 0 9 0 0 56 99 24 0 16 0 12 0 
8 8 45 45 24 0 0 0 100 30 84 28 0 0 16 0 49 6 37 0 0 99 36 0 0 48 0 0 10 20 0 0 0 0 16 89 24 36 2 0 3 0 40 0 30 8 65 7 0 20 0 0 4 36 0 0 35 56 0 0 33 0 40 32 
0 0 0 0 18 0 0 0 48 0 0 0 0 35 12 0 6 42 0 0 0 21 0 0 0 13 0 7 0 0 0 63 0 0 0 54 0 0 49 0 0 0 30 0 0 6 15 0 63 0 0 0 0 18 0 0 0 30 0 0 0 0 0 0 
18 12 6 15 0 5 0 13 0 0 34 40 0 32 0 0 0 5 0 0 0 0 33 0 0 0 0 6 11 5 0 0 12 3 3 0 0 0 11 9 0 18 0 2 8 15 24 18 0 9 3 27 0 0 31 12 21 0 21 0 16 21 0 0 
0 0 9 81 72 77 0 0 56 0 31 0 0 0 25 20 0 0 0 121 0 0 0 16 0 0 0 0 45 37 30 0 15 0 15 57 5 0 25 16 0 56 0 157 64 64 28 25 85 0 55 35 5 0 53 141 0 0 25 18 81 117 0 0 
0 36 0 0 0 0 0 0 0 36 0 0 0 0 25 20 0 0 0 0 0 0 0 0 18 42 36 36 0 24 0 0 35 0 0 0 59 42 0 0 0 0 0 93 0 0 0 25 45 0 0 63 53 0 66 20 0 0 0 0 74 63 0 0 
14 0 0 0 14 40 0 0 47 12 0 0 0 16 12 16 0 0 83 0 0 40 2 18 0 40 6 0 8 25 0 0 21 18 0 0 0 0 0 40 4 5 0 0 0 0 18 0 0 0 0 0 0 40 25 0 0 0 0 0 0 40 0 0 
6 24 0 0 27 0 0 0 126 0 86 74 0 34 18 0 27 54 0 0 18 0 78 0 0 9 0 0 0 30 0 0 0 0 24 81 36 54 0 0 0 0 54 4 0 45 0 0 0 0 0 2 6 0 68 24 0 45 0 0 20 16 0 0 
35 0 93 0 0 0 0 20 30 20 27 0 0 88 60 24 0 5 0 0 0 27 21 95 4 0 15 30 10 41 0 0 28 60 0 6 6 0 0 8 0 47 0 45 12 0 107 111 54 21 0 0 6 3 0 12 49 0 0 0 77 90 81 0 
62 0 0 0 0 72 0 0 102 32 63 42 61 10 57 0 27 6 0 0 2 0 78 33 0 0 24 0 0 34 24 6 12 80 42 36 36 54 0 0 0 3 36 0 0 4 72 0 104 0 36 30 6 0 0 0 27 27 32 0 0 16 0 14 
