0 0 0 35 0 25 35 0 0 20 14 0 0 0 21 35 0 45 14 0 14 0 21 40 40 0 21 0 22 0 0 0 35 40 0 0 0 0 0 0 45 0 0 0 0 0 0 0 0 47 0 40 0 0 0 0 0 0 0 0 0 0 0 0 
0 54 0 0 0 105 15 0 0 0 6 0 0 36 175 0 0 0 0 0 18 0 9 0 0 45 0 0 18 0 9 18 12 45 0 0 0 0 0 0 12 0 0 0 0 0 9 0 0 12 81 48 72 0 0 72 0 0 0 60 0 18 0 28 
0 8 21 0 9 0 0 24 0 0 18 7 0 4 0 0 0 2 0 0 0 16 0 9 8 0 0 0 25 0 0 21 0 0 0 0 0 0 0 0 12 28 0 1 0 0 0 0 0 4 0 49 0 0 0 14 49 0 6 36 0 0 35 30 
0 42 57 0 0 0 0 18 72 0 0 3 0 14 0 0 14 72 0 0 6 56 0 0 36 35 0 0 23 14 28 9 0 42 0 0 0 0 0 0 135 33 0 0 0 4 0 0 0 0 0 93 12 56 0 7 21 0 10 0 48 0 15 0 
13 0 0 42 0 0 0 30 0 0 61 8 0 9 0 10 0 0 0 0 0 0 22 0 10 0 0 34 26 5 0 4 5 0 0 4 0 0 0 0 0 0 0 0 0 28 0 40 24 24 0 0 0 5 0 0 15 25 0 0 0 0 0 0 
0 0 0 0 0 0 0 0 54 0 0 4 0 0 27 0 0 83 0 0 0 0 0 0 0 0 0 9 0 0 0 0 0 0 0 0 0 0 0 10 60 0 8 0 0 0 0 0 14 0 0 54 0 42 0 6 0 10 0 0 50 0 0 20 
8 78 54 2 48 8 72 0 0 0 6 2 0 0 56 34 18 49 0 0 0 0 0 0 75 101 40 0 16 18 36 21 9 58 0 0 2 15 54 21 54 27 0 0 0 0 0 13 72 0 0 0 56 25 4 0 7 69 0 0 0 0 0 0 
41 0 27 28 0 0 0 123 0 0 0 1 0 128 0 0 0 32 0 0 27 0 56 0 36 0 50 16 16 67 0 106 0 48 0 18 0 62 24 82 24 8 41 0 0 18 0 21 3 3 0 0 54 0 0 24 54 0 45 0 83 0 0 0 
3 14 0 24 0 0 0 4 0 0 3 10 0 42 0 0 15 16 8 0 0 32 20 0 16 42 30 21 32 45 48 16 12 24 0 86 0 8 0 0 13 0 30 0 0 0 0 0 17 9 0 0 0 49 0 6 63 0 36 6 45 14 24 5 
48 0 0 28 28 0 0 0 0 0 35 0 0 0 0 63 0 0 28 0 53 0 0 0 14 0 0 0 128 0 0 0 7 0 16 0 0 0 0 0 8 0 0 0 0 45 0 35 40 0 0 0 28 7 0 0 0 35 42 0 20 0 0 0 
0 28 0 0 18 18 0 0 4 0 0 0 0 0 14 0 0 4 28 28 25 0 0 20 0 10 0 0 42 0 2 9 2 10 0 0 0 0 0 57 9 0 12 2 0 0 2 0 0 8 26 0 12 0 0 25 0 4 0 4 26 0 0 0 
12 12 24 0 0 0 0 58 0 0 0 14 0 0 0 0 4 7 0 8 0 4 36 0 0 31 57 0 24 13 8 4 14 12 0 7 0 16 36 0 12 85 0 0 0 0 3 27 49 0 8 20 0 36 21 0 24 77 28 0 0 41 0 28 
25 16 64 0 0 32 0 0 0 48 9 26 0 105 72 0 0 9 32 64 18 48 10 0 24 48 0 66 92 25 0 44 0 0 0 0 18 0 18 76 58 0 32 44 0 0 0 0 72 0 0 64 72 56 76 30 97 0 112 128 76 40 0 0 
8 36 44 0 0 0 72 0 0 6 0 0 0 16 56 32 12 48 25 24 18 32 0 0 88 30 0 7 44 17 32 0 0 36 0 0 0 0 40 36 48 18 0 3 0 0 0 0 5 0 4 0 62 24 0 4 0 64 9 9 0 0 0 0 
0 0 18 0 0 0 0 54 0 0 0 12 5 11 73 0 0 6 0 0 18 46 0 15 44 0 0 0 40 0 0 7 0 0 0 0 9 0 27 0 15 0 0 0 0 66 0 0 96 0 0 0 36 0 0 5 0 30 30 0 24 0 0 52 
3 84 0 0 81 72 27 16 0 0 0 0 0 0 21 12 0 32 0 24 45 0 0 79 63 0 24 0 0 0 0 0 63 0 0 36 0 0 15 54 0 0 0 7 0 0 0 0 0 28 0 0 21 9 0 28 0 24 0 0 0 0 0 0 
6 8 6 0 0 41 0 18 0 0 0 1 0 48 79 0 0 0 0 0 12 0 0 0 8 11 0 0 29 0 1 24 0 5 2 0 0 0 0 0 17 0 0 0 0 4 1 0 0 0 9 64 42 7 0 8 9 0 15 58 0 26 0 0 
0 34 120 0 9 0 0 20 0 36 0 6 0 0 78 0 0 2 87 36 0 0 0 17 0 36 54 42 0 0 0 12 0 0 0 0 0 12 0 0 0 48 0 55 0 0 0 0 0 4 24 0 36 42 0 14 72 0 84 54 0 12 0 24 
0 0 0 15 0 0 0 9 0 0 18 0 0 35 45 0 0 65 45 36 27 0 24 0 0 0 0 15 54 0 0 20 0 30 0 0 0 15 0 54 0 0 0 0 0 0 0 0 0 0 0 0 0 0 0 0 0 24 0 3 0 0 0 20 
0 0 0 0 0 5 0 4 0 4 0 0 0 0 16 0 0 9 32 40 24 4 0 18 8 0 14 0 48 0 0 4 0 0 0 0 6 4 18 48 0 16 0 0 0 0 0 0 4 1 8 8 0 0 0 0 6 0 0 0 0 0 0 0 
0 60 18 62 48 27 0 0 0 0 0 0 0 63 21 0 6 36 0 0 6 0 0 0 0 86 40 0 31 6 15 36 0 127 0 0 0 0 0 0 63 9 0 0 0 0 3 0 64 0 27 0 18 0 0 24 0 0 0 6 0 0 0 0 
4 0 0 0 0 0 81 0 27 0 18 0 0 24 55 16 0 51 0 0 21 0 27 0 36 0 0 0 0 15 24 0 36 0 0 0 0 0 20 0 27 0 0 0 0 0 0 0 15 36 12 27 28 33 0 0 0 32 0 0 18 0 0 0 
0 0 0 0 0 0 0 48 45 0 0 0 32 14 0 40 35 45 52 80 0 0 32 0 0 0 24 49 80 0 0 28 36 0 0 0 0 20 16 28 45 0 35 68 0 0 0 24 0 16 0 45 0 35 64 0 16 0 0 0 62 0 0 0 
0 54 0 0 46 135 0 42 0 4 1 2 0 0 63 0 0 10 0 64 33 5 28 48 20 45 0 0 41 0 9 0 21 45 0 12 2 0 2 18 0 0 0 32 0 45 9 21 48 1 81 8 54 0 68 72 14 0 0 18 52 0 0 0 
50 24 24 8 0 0 27 0 0 0 54 2 0 81 21 12 8 18 32 32 24 0 18 0 27 20 0 66 102 53 16 36 0 24 0 6 0 0 15 48 24 12 0 0 0 42 0 0 6 6 0 0 21 9 0 0 45 24 0 0 0 0 0 0 
21 0 59 4 0 0 0 0 4 0 1 3 0 0 0 0 0 1 0 54 0 45 4 2 0 0 36 0 6 27 40 9 2 0 0 6 2 24 2 0 0 25 3 12 40 30 11 0 11 3 8 45 0 0 28 30 0 4 0 0 26 54 0 0 
20 36 18 0 0 0 0 0 0 0 0 9 0 0 0 0 6 0 0 0 8 0 0 0 0 69 0 0 20 6 44 0 6 18 4 0 0 0 0 10 26 9 8 0 0 54 0 0 0 0 0 0 8 63 0 6 137 0 45 0 14 18 0 0 
25 0 24 0 0 0 40 8 0 0 6 48 0 93 0 0 0 64 72 16 0 0 10 0 0 0 0 10 69 25 0 68 0 0 0 0 0 0 0 0 66 40 0 0 0 63 0 0 56 0 0 56 0 0 0 4 81 0 2 12 28 0 40 26 
50 6 0 0 0 29 0 12 0 16 0 0 0 0 7 0 0 36 0 0 14 0 28 32 32 5 30 0 91 45 1 0 48 5 6 30 0 0 0 0 3 0 15 16 0 24 1 6 0 8 9 32 38 0 0 8 4 0 0 2 45 0 0 0 
0 0 72 0 0 15 0 0 0 12 0 0 0 0 36 0 0 27 97 72 19 0 0 24 24 0 0 0 38 0 0 42 0 0 0 0 0 30 24 66 0 0 0 64 0 0 0 0 0 3 0 24 0 0 56 0 0 0 0 0 28 0 0 0 
19 0 15 4 2 8 0 45 0 0 0 1 0 0 0 0 0 0 0 16 55 6 0 0 24 0 0 0 40 0 0 0 7 0 0 4 0 0 54 6 0 0 0 8 0 10 0 0 3 3 0 30 30 54 16 0 0 0 25 0 8 0 0 0 
8 6 7 14 1 4 36 0 0 0 0 3 0 6 37 16 0 24 0 9 0 9 0 0 36 30 16 0 9 0 8 3 8 16 0 4 0 0 20 0 20 41 0 0 8 6 1 0 0 0 0 17 31 33 12 6 27 56 31 7 0 17 0 0 
0 0 0 0 8 32 0 34 0 0 12 0 0 0 0 0 0 0 0 0 20 0 12 0 16 0 0 0 0 0 0 0 28 0 0 16 0 0 0 49 19 0 20 0 0 0 0 9 0 0 0 0 0 0 0 23 6 0 4 24 35 0 0 20 
0 78 30 0 24 15 90 12 0 0 35 61 0 54 69 32 10 80 92 34 0 3 27 24 0 25 16 0 87 10 38 27 36 30 48 21 64 3 16 32 105 48 0 0 0 27 0 0 91 36 0 0 0 0 32 22 24 0 3 18 12 0 9 57 
0 0 32 0 0 0 40 0 0 24 0 40 0 48 0 0 0 64 76 16 0 0 28 0 0 0 42 28 0 63 0 24 0 0 0 42 0 0 0 0 64 8 21 12 0 0 0 0 0 0 0 0 24 0 0 0 0 0 36 36 63 0 0 16 
0 36 0 0 0 0 0 0 0 0 0 0 0 4 32 24 10 0 6 12 0 8 0 20 0 0 12 14 70 0 0 0 8 0 36 0 48 0 36 24 0 18 10 0 0 0 0 0 8 0 0 0 0 0 0 12 18 0 0 0 0 0 0 0 
1 0 0 33 0 0 0 27 0 0 74 1 0 49 25 18 0 46 31 0 0 0 72 0 8 0 6 6 2 0 0 28 6 42 0 0 0 45 0 0 0 0 0 0 0 0 0 20 3 7 0 0 0 4 0 0 0 92 0 9 0 0 0 12 
4 0 64 0 0 48 81 0 0 0 18 0 0 0 87 16 0 24 72 40 0 0 27 0 42 0 0 0 10 0 0 0 84 24 0 0 0 0 20 0 0 0 0 52 0 0 0 48 0 36 0 0 28 12 40 0 42 32 0 0 20 0 0 0 
0 0 0 9 18 102 10 46 0 24 0 10 0 33 0 0 0 82 18 24 45 0 24 48 84 21 63 0 0 0 0 42 77 18 0 43 0 20 8 68 16 105 0 0 0 0 0 18 0 6 20 48 0 0 21 0 27 42 28 0 0 14 0 4 
0 27 15 12 112 90 0 45 0 0 30 0 0 30 45 12 0 0 0 0 40 6 0 48 52 78 121 0 33 0 0 15 51 0 0 25 0 56 0 30 10 59 0 0 0 10 0 30 72 0 0 40 45 6 15 0 0 60 45 35 0 25 0 0 
42 0 3 18 0 20 0 25 0 81 12 2 0 72 45 0 0 25 18 0 31 0 18 54 4 0 18 0 50 0 0 39 0 36 14 0 0 0 0 5 24 0 4 0 0 2 0 0 7 0 0 40 21 0 0 11 0 5 9 59 7 15 0 24 
0 48 0 0 0 72 0 0 0 0 0 0 0 0 64 0 0 0 0 0 16 2 0 5 0 40 0 0 0 0 8 0 0 40 0 0 3 0 9 0 0 0 0 0 0 0 8 0 2 0 72 0 48 0 0 64 0 0 0 16 0 0 0 0 
0 64 9 4 72 0 0 27 0 0 10 0 0 0 0 4 0 16 0 0 9 0 0 72 16 0 0 0 0 0 0 0 2 0 0 0 0 0 0 0 0 0 0 8 0 6 0 10 0 32 0 0 18 2 0 0 0 10 15 0 0 0 0 0 
0 6 0 0 0 0 20 0 0 0 0 20 0 30 0 4 15 32 37 10 7 0 0 0 0 0 2 21 33 0 0 12 12 0 6 0 6 0 0 4 32 7 15 0 0 0 0 0 0 0 0 0 0 0 0 2 3 0 0 0 0 0 0 8 
0 84 0 0 81 48 25 9 27 24 28 0 0 0 29 0 0 99 41 32 28 0 39 129 48 10 64 0 48 0 2 0 20 10 0 0 0 79 0 48 27 16 0 9 0 0 2 0 0 62 18 75 12 21 0 16 0 24 0 7 18 0 0 0 
24 0 35 0 10 112 36 0 0 0 0 0 0 0 28 16 0 24 0 30 25 45 0 0 65 0 0 0 0 0 40 0 107 36 0 20 0 0 20 30 0 25 0 0 40 30 5 72 0 0 0 45 28 12 0 30 63 32 0 0 0 0 0 0 
0 0 54 21 0 24 0 14 0 0 0 0 0 49 0 0 0 28 0 28 0 0 28 0 3 0 91 0 0 63 0 42 24 54 0 42 0 32 0 0 0 92 21 0 0 0 0 24 0 0 28 0 81 0 0 0 42 0 0 0 63 54 0 0 
0 35 62 3 0 0 0 32 0 78 0 0 0 7 16 0 0 4 17 30 0 4 16 78 0 0 46 7 0 0 0 4 0 6 0 18 6 18 30 0 0 36 0 3 0 0 27 0 4 0 0 0 87 0 0 35 0 0 9 9 0 54 18 0 
0 42 0 0 8 98 35 0 59 24 0 45 25 47 49 0 0 142 63 14 14 1 0 72 48 35 40 0 0 0 7 128 16 35 0 0 0 40 0 0 83 17 0 0 0 0 7 0 35 6 127 75 42 21 0 56 0 57 0 14 58 0 0 34 
0 48 0 0 0 77 0 0 0 4 0 0 0 0 56 0 0 9 0 0 16 0 0 8 8 40 0 0 0 0 8 14 0 40 0 0 0 10 8 14 0 0 0 0 0 0 8 0 0 1 72 8 48 0 0 64 0 0 0 16 0 0 0 0 
45 0 0 12 10 104 0 9 0 81 18 3 0 0 0 0 0 0 27 0 53 0 42 54 28 0 18 0 50 0 0 0 99 32 14 20 0 15 0 30 7 0 0 0 0 27 0 64 33 9 0 0 0 0 0 0 56 24 0 3 12 0 0 0 
0 0 0 0 0 0 0 0 0 0 0 0 8 8 87 0 0 45 9 36 21 32 24 0 16 0 36 15 16 54 0 0 0 0 0 36 0 0 0 0 12 0 18 25 0 0 0 0 0 0 0 0 0 0 32 4 0 0 0 0 70 0 0 44 
0 0 0 0 0 10 0 0 0 8 63 0 0 0 0 0 0 18 0 0 0 0 32 16 16 0 48 56 42 72 0 0 0 0 0 55 0 0 0 0 0 0 24 0 0 49 0 0 0 2 0 16 0 0 0 0 0 0 0 0 72 0 0 0 
8 0 0 32 0 0 0 2 63 0 72 8 0 72 27 0 0 90 12 16 9 0 0 0 0 0 7 73 66 45 72 2 0 0 0 8 0 2 0 23 66 8 4 0 0 56 0 0 69 24 40 63 0 49 0 3 3 0 0 0 49 0 0 12 
46 42 63 0 0 63 0 4 72 0 0 18 0 18 63 0 0 81 0 54 14 81 4 0 0 35 0 4 13 10 79 8 6 35 0 6 0 0 4 0 72 45 0 4 72 54 25 0 63 1 63 153 42 56 0 110 10 45 0 14 48 0 6 44 
0 24 12 0 48 72 0 0 0 0 0 0 0 0 0 0 0 0 0 0 0 0 0 0 9 56 40 0 16 0 0 0 72 36 0 0 0 4 0 0 0 8 0 0 0 0 0 72 64 0 0 0 18 0 0 0 63 0 0 0 0 12 0 0 
30 18 0 43 0 45 27 0 0 36 2 22 0 0 45 12 0 101 32 32 24 12 0 87 99 54 0 0 87 0 0 0 0 8 0 0 13 0 100 48 9 0 0 0 0 0 0 0 49 36 0 102 21 126 8 0 81 24 45 0 0 18 0 0 
0 24 0 0 35 67 0 24 0 24 18 0 64 54 72 0 15 60 72 32 0 1 0 83 48 0 0 21 48 0 0 24 12 0 0 0 0 0 0 0 22 0 15 75 0 0 0 0 0 18 0 112 24 0 0 12 0 0 6 92 0 24 0 30 
20 0 35 0 0 0 20 24 0 0 0 20 8 54 86 0 35 86 45 50 0 117 0 20 32 0 0 67 74 0 40 12 28 0 0 36 12 0 60 0 56 29 35 13 40 30 59 0 8 0 0 45 0 0 8 38 0 0 0 0 4 0 36 32 
75 0 24 0 0 8 0 0 0 18 0 12 0 93 18 0 0 6 15 12 29 0 18 0 0 0 0 39 76 45 0 42 6 0 10 0 0 0 0 18 9 0 0 13 0 0 0 0 42 1 0 16 24 0 0 0 45 30 27 41 0 6 0 24 
0 15 48 14 44 120 0 27 0 0 54 0 0 0 0 45 0 0 50 0 35 0 72 0 36 35 76 0 25 0 30 0 122 48 0 63 0 90 0 77 39 38 28 0 0 0 0 64 45 18 0 0 72 0 0 21 56 72 0 9 49 48 15 0 
5 42 42 20 0 0 0 0 0 0 0 5 82 2 0 0 14 0 81 36 63 0 0 0 0 35 0 0 9 14 28 14 6 42 0 0 0 0 0 0 42 21 0 85 0 0 0 0 15 16 0 0 0 0 0 0 0 0 0 0 0 0 0 0 
47 30 12 20 0 0 0 0 0 0 4 13 0 0 0 12 4 4 39 42 43 6 36 0 0 10 60 0 137 85 8 0 0 12 26 54 26 0 62 66 16 15 27 0 0 0 0 0 47 15 0 30 0 54 16 6 9 0 0 0 81 0 0 0 
0 6 70 0 0 0 0 0 0 81 0 0 8 0 81 0 2 0 99 4 0 0 18 54 0 5 18 0 0 2 4 0 0 6 0 0 0 0 0 0 6 3 0 41 0 0 0 0 0 0 0 0 0 0 0 0 0 0 0 0 0 0 0 28 
