257 249 162 266 335 177 215 284 280 271 278 153 285 221 309 201 
287 250 153 308 338 210 241 359 260 229 303 175 360 269 376 243 
340 261 237 381 413 214 289 413 293 328 356 235 357 316 387 356 
378 288 195 328 496 310 286 413 318 282 299 281 406 364 368 366 
310 241 197 278 402 214 313 351 266 275 267 217 367 350 318 338 
369 339 222 434 477 332 284 466 310 293 404 297 464 423 465 378 
354 271 228 348 460 323 318 460 306 380 363 261 361 356 393 324 
357 306 189 334 465 205 282 377 385 333 341 275 397 302 388 311 
362 341 181 350 468 253 274 335 262 294 317 237 378 334 384 336 
418 327 241 392 511 276 344 467 350 358 372 280 383 377 476 382 
297 262 199 332 422 190 263 317 229 262 307 251 338 318 315 388 
272 218 107 245 316 227 208 315 250 227 243 165 262 193 310 167 
321 235 151 304 380 169 246 326 244 266 266 237 270 259 321 322 
391 263 174 334 441 236 363 396 336 319 294 287 360 339 412 351 
441 291 200 395 520 335 342 506 385 338 342 295 363 377 490 357 
330 256 165 310 344 221 225 326 216 248 264 223 277 308 340 289 
