1030 1372 1216 1239 1345 1204 1169 1212 1309 1247 1238 1085 1120 1112 1245 1152 1157 1072 1196 1079 1186 1373 1297 1151 1103 1365 1355 1207 995 1230 1106 1144 1173 1301 1248 1104 1355 1085 1154 1168 1396 1291 1351 1203 1232 1434 1263 1236 1229 1146 1289 1306 1145 1220 1478 1263 1198 1130 1249 1203 1529 1182 1102 1153 
1145 1310 1410 1354 1336 1217 1299 1336 1315 1257 1416 1079 1280 1229 1132 1193 1374 1227 1297 1012 1621 1402 1287 1133 1295 1391 1259 1083 1150 1414 1189 1365 1221 1404 1367 1182 1534 1115 1402 1348 1416 1419 1361 1263 1379 1526 1376 1289 1285 1196 1103 1200 1387 1385 1335 1304 1168 1360 1403 1402 1681 1202 1102 1136 
1374 1666 1436 1396 1558 1389 1300 1489 1529 1441 1503 1266 1422 1284 1507 1477 1432 1410 1319 1307 1433 1619 1446 1320 1403 1566 1487 1399 1237 1611 1273 1483 1330 1638 1424 1295 1585 1266 1511 1431 1519 1533 1498 1298 1502 1698 1454 1467 1315 1393 1415 1514 1460 1495 1684 1537 1365 1143 1401 1466 1795 1348 1278 1270 
1146 1413 1386 1396 1431 1348 1314 1381 1344 1470 1422 1231 1256 1249 1357 1387 1234 1244 1188 1099 1342 1441 1326 1183 1260 1327 1367 1290 1181 1474 1071 1223 1246 1549 1263 1168 1491 1305 1339 1471 1314 1405 1346 1194 1355 1423 1353 1328 1130 1264 1295 1284 1423 1285 1416 1312 1211 1188 1398 1443 1638 1239 1169 1206 
1090 1235 1286 1303 1232 1207 1167 1259 1320 1261 1330 1146 1235 1106 1204 1097 1210 1256 1274 1000 1375 1326 1264 1101 1208 1270 1411 1200 981 1270 1151 1295 1068 1331 1229 1212 1398 1136 1225 1311 1252 1300 1175 1137 1351 1367 1302 1297 1235 1219 1196 1155 1245 1394 1354 1261 1211 1236 1364 1272 1504 1205 1269 1170 
1225 1322 1238 1287 1210 1207 1126 1274 1208 1240 1304 1027 1031 1148 1161 1309 1312 1131 1151 1006 1252 1428 1344 1137 1221 1525 1347 1145 1070 1459 1102 1078 1045 1377 1207 1020 1402 1054 1345 1370 1369 1227 1217 1221 1210 1470 1182 1225 1195 1309 1049 1117 1359 1142 1343 1215 1101 1114 1222 1302 1582 1171 1068 1181 
1492 1666 1673 1654 1609 1482 1459 1628 1829 1604 1502 1440 1452 1377 1600 1559 1661 1497 1594 1376 1635 1827 1586 1344 1560 1624 1636 1517 1329 1637 1312 1497 1414 1725 1590 1429 1738 1376 1654 1782 1597 1556 1614 1411 1609 1750 1706 1619 1519 1476 1400 1352 1591 1560 1769 1627 1498 1460 1630 1686 1912 1467 1417 1546 
1188 1422 1327 1286 1407 1241 1158 1259 1409 1449 1333 1180 1172 1179 1264 1274 1318 1220 1286 1154 1292 1522 1288 1098 1279 1402 1442 1063 993 1450 1188 1252 1313 1457 1218 1194 1576 1119 1294 1409 1511 1416 1328 1178 1292 1516 1343 1280 1275 1177 1111 1210 1180 1325 1381 1329 1109 1210 1314 1358 1621 1119 1278 1113 
1276 1513 1434 1516 1488 1472 1382 1480 1446 1554 1581 1391 1324 1363 1449 1368 1490 1346 1394 1221 1580 1722 1417 1410 1480 1684 1519 1370 1199 1631 1279 1382 1361 1605 1348 1358 1740 1311 1476 1583 1501 1571 1514 1275 1580 1710 1499 1402 1481 1337 1396 1408 1464 1351 1589 1503 1339 1374 1533 1624 1822 1445 1421 1490 
1259 1498 1493 1442 1347 1313 1456 1302 1551 1445 1335 1226 1378 1239 1385 1265 1376 1201 1401 1242 1485 1506 1303 1222 1302 1348 1371 1351 1221 1578 1195 1308 1317 1545 1300 1282 1492 1246 1342 1438 1416 1440 1426 1179 1381 1582 1498 1276 1360 1236 1296 1288 1438 1428 1494 1250 1233 1314 1489 1420 1705 1243 1179 1282 
1217 1423 1388 1405 1470 1470 1259 1480 1487 1425 1474 1307 1256 1369 1299 1335 1474 1290 1404 1182 1554 1542 1437 1256 1295 1491 1463 1184 1207 1636 1225 1503 1205 1567 1365 1317 1610 1125 1433 1563 1522 1519 1431 1185 1581 1624 1433 1344 1351 1373 1184 1219 1413 1488 1641 1493 1325 1124 1488 1400 1753 1259 1332 1285 
1025 1316 1241 1351 1322 1278 1318 1183 1322 1221 1215 1142 1086 1070 1189 1131 1141 1175 1289 1089 1328 1423 1267 1086 1245 1432 1280 1173 1009 1352 1052 1199 1063 1307 1238 1204 1389 1120 1323 1341 1272 1349 1338 1142 1351 1462 1251 1286 1182 1255 1211 1063 1366 1224 1382 1175 1177 1254 1372 1231 1543 1187 1188 1235 
996 1245 1323 1310 1212 1326 1116 1159 1263 1318 1195 1222 1118 1171 1266 1183 1087 1150 1220 1012 1239 1315 1161 1006 1178 1139 1216 1082 1013 1343 1006 1109 1121 1231 1173 1047 1293 1140 1211 1379 1262 1319 1208 1035 1171 1443 1258 1183 1159 1208 1163 1191 1287 1300 1342 1096 1087 1085 1368 1345 1554 1061 1114 1009 
1137 1463 1283 1270 1444 1287 1319 1235 1417 1399 1295 1173 1168 1206 1402 1179 1333 1299 1366 1204 1236 1614 1276 1130 1220 1503 1385 1137 1053 1362 1218 1268 1186 1408 1328 1233 1481 1179 1359 1308 1374 1476 1393 1241 1303 1400 1375 1365 1291 1306 1182 1318 1217 1375 1445 1410 1298 1240 1287 1293 1478 1202 1166 1246 
1005 1460 1345 1324 1460 1339 1373 1423 1383 1268 1340 1239 1079 1157 1224 1149 1425 1303 1283 1087 1377 1515 1276 1206 1254 1471 1218 1107 1016 1306 1245 1343 1259 1325 1305 1411 1526 1067 1381 1288 1291 1495 1280 1211 1273 1447 1311 1292 1383 1262 1189 1219 1250 1394 1296 1321 1206 1121 1370 1294 1567 1263 1162 1240 
1203 1251 1429 1310 1373 1202 1219 1280 1446 1393 1436 1191 1261 1091 1340 1208 1203 1176 1407 1111 1445 1488 1320 1211 1232 1179 1440 1261 1096 1496 1171 1183 1239 1425 1280 1287 1343 1210 1397 1486 1395 1421 1390 1153 1513 1585 1410 1230 1302 1349 1211 1323 1302 1321 1317 1338 1272 1122 1424 1309 1741 1271 1209 1065 
1266 1553 1476 1496 1586 1461 1364 1417 1493 1428 1560 1346 1180 1350 1471 1370 1335 1362 1406 1177 1496 1639 1450 1218 1397 1479 1500 1277 1225 1620 1222 1363 1407 1496 1447 1256 1558 1317 1576 1485 1399 1604 1426 1281 1444 1710 1487 1438 1313 1308 1410 1419 1438 1418 1414 1445 1373 1226 1532 1527 1775 1429 1252 1243 
1314 1377 1383 1345 1361 1206 1204 1419 1476 1346 1434 1237 1176 1155 1369 1250 1371 1348 1293 1168 1504 1470 1360 1087 1280 1454 1374 1292 1061 1406 1062 1236 1340 1282 1380 1295 1425 1294 1454 1425 1319 1397 1324 1301 1292 1525 1347 1377 1342 1195 1197 1351 1332 1387 1426 1353 1340 1231 1458 1475 1746 1428 1216 1092 
1110 1191 1286 1144 1174 1051 1097 1265 1263 1198 1228 917 1125 1050 1191 1025 1246 1140 1195 996 1314 1416 1124 1082 1147 1229 1133 1154 968 1209 1008 1193 1007 1240 1120 1043 1349 979 1204 1175 1105 1242 1236 1087 1344 1382 1250 1196 1109 992 1119 1055 1105 1196 1268 1219 1057 1134 1302 1313 1392 1216 980 1098 
1129 1151 1112 1095 1069 1073 992 1191 1200 1261 1248 999 911 1162 1048 1102 1180 1041 1145 970 1161 1254 1150 930 1070 1229 1201 1005 1011 1157 1091 1055 1068 1286 1052 920 1376 950 1189 1264 1277 1299 1006 1137 1154 1288 1105 1070 1171 1215 928 1099 1085 1145 1256 1205 974 1105 1119 1333 1407 1063 1124 1086 
1119 1380 1263 1318 1246 1207 1201 1278 1313 1140 1357 1226 1264 1216 1206 1208 1248 1046 1256 971 1314 1294 1199 1210 1219 1310 1224 1288 1038 1405 1091 1206 1163 1306 1229 1227 1426 1165 1225 1256 1298 1262 1206 1121 1217 1436 1267 1142 1187 1168 1134 1216 1217 1310 1441 1195 1188 1185 1266 1277 1624 1209 1200 1191 
1090 1400 1195 1167 1356 1227 1213 1280 1339 1231 1163 1174 1246 1148 1218 1156 1331 1232 1288 1065 1261 1522 1141 1137 1280 1424 1254 1144 1117 1268 1158 1326 1153 1489 1226 1186 1448 1075 1253 1435 1291 1307 1193 1126 1341 1358 1242 1398 1327 1202 1119 1119 1374 1300 1360 1359 1235 1141 1254 1255 1522 1014 1135 1254 
1122 1233 1112 1240 1191 1142 1157 1199 1428 1234 1295 1142 1015 1019 1108 1136 1183 1088 1260 1100 1307 1339 1202 1075 1131 1232 1241 1049 1051 1227 973 1089 1151 1291 1148 1212 1256 1140 1299 1422 1274 1409 1332 1099 1262 1373 1311 1193 1123 1181 980 1187 1292 1149 1246 1218 1115 997 1271 1233 1555 1123 1054 987 
1020 1242 1283 1270 1187 1250 1195 1158 1180 1279 1181 1161 1108 1175 1113 1088 1257 1066 1178 1152 1246 1370 1124 1188 1281 1294 1127 1013 1064 1348 1185 1217 1181 1317 1059 1168 1336 1065 1119 1353 1183 1426 1172 962 1383 1449 1214 1214 1215 1181 1139 1146 1183 1254 1310 1231 1168 1018 1315 1291 1565 1102 1073 1191 
1094 1300 1266 1315 1218 1180 1242 1317 1265 1237 1269 1190 1155 1220 1281 1116 1243 1244 1318 1113 1447 1569 1258 1180 1232 1316 1284 1299 1022 1460 1192 1244 1130 1399 1285 1273 1357 1123 1261 1395 1368 1350 1306 1134 1467 1441 1240 1148 1225 1365 1087 1228 1371 1311 1274 1208 1189 1180 1346 1302 1605 1049 1307 1169 
945 1150 1189 1141 1109 965 1045 937 1247 1124 1149 859 1067 878 1114 981 1172 1039 984 1001 1157 1125 1095 949 1033 1131 1115 941 992 1161 907 1111 962 1264 1145 984 1183 1045 1107 1056 1123 1089 1182 963 1156 1200 1186 1102 1018 1008 907 1016 1101 1191 1180 1165 1042 1030 1116 1114 1220 1007 893 883 
1008 1259 1422 1193 1267 1339 1316 1266 1290 1111 1377 1235 1194 1107 1174 1159 1337 1198 1198 1101 1425 1348 1204 1207 1259 1214 1260 1050 1058 1421 1157 1329 1161 1299 1328 1214 1393 1146 1366 1220 1281 1407 1296 1233 1259 1424 1387 1262 1253 1291 1188 1293 1253 1450 1347 1237 1211 1253 1401 1301 1679 1187 1098 1121 
1125 1284 1320 1271 1269 1256 1042 1335 1379 1254 1486 1133 1215 1268 1304 1234 1286 1168 1338 1136 1428 1502 1219 1194 1202 1196 1346 1275 897 1390 1219 1280 1148 1361 1145 1075 1423 1135 1219 1377 1431 1429 1259 1164 1459 1551 1273 1196 1297 1199 1160 1337 1343 1391 1443 1378 1152 1153 1388 1384 1627 1230 1322 1181 
1237 1369 1244 1364 1365 1423 1281 1337 1393 1451 1363 1312 1212 1370 1452 1292 1395 1275 1324 1192 1454 1523 1194 1196 1291 1528 1310 1196 1193 1385 1263 1349 1276 1384 1287 1343 1520 1281 1401 1431 1278 1502 1357 1205 1424 1442 1356 1225 1336 1295 1273 1334 1307 1369 1517 1399 1294 1178 1319 1400 1635 1198 1352 1174 
1042 1267 1139 1229 1119 1083 1076 1142 1356 1191 1137 1057 1051 1004 1238 1228 1123 1019 1083 1043 1231 1262 1220 1076 1096 1180 1307 1149 1014 1315 1031 1051 1039 1216 1131 1065 1309 969 1170 1126 1118 1189 1167 973 1144 1305 1212 1251 1066 1052 1147 1012 1158 1084 1318 1252 1192 980 1146 1084 1409 1012 941 1103 
1261 1603 1474 1442 1510 1241 1405 1362 1481 1261 1419 1157 1477 1282 1350 1278 1624 1364 1391 1214 1512 1653 1396 1300 1524 1562 1441 1355 1124 1471 1222 1447 1390 1611 1468 1291 1626 1279 1386 1465 1536 1461 1443 1342 1468 1701 1496 1447 1340 1296 1254 1350 1402 1490 1423 1433 1284 1462 1461 1544 1693 1278 1264 1299 
1051 1130 1233 1282 1198 1110 1050 1202 1125 1223 1264 1119 1037 1026 1117 1053 1194 1109 1194 882 1320 1358 1147 1072 1129 1236 1196 990 905 1267 1008 1116 1036 1252 1173 1186 1320 1001 1194 1310 1285 1267 1153 1041 1189 1352 1158 1184 1134 1181 982 1158 1123 1192 1225 1174 996 1050 1139 1360 1416 1132 1117 993 
1305 1421 1351 1488 1361 1281 1234 1374 1466 1256 1363 1131 1243 1241 1346 1347 1320 1164 1232 1123 1373 1566 1287 1130 1225 1424 1412 1290 1036 1613 1179 1278 1244 1486 1159 1160 1521 1055 1272 1405 1342 1369 1328 1103 1284 1614 1382 1168 1176 1174 1239 1211 1309 1445 1392 1305 1275 1209 1280 1315 1620 1182 1173 1211 
1167 1263 1381 1377 1310 1279 1146 1181 1363 1352 1206 1167 1233 1190 1259 1204 1231 1166 1250 1080 1323 1398 1207 1159 1336 1369 1268 1206 1066 1546 1124 1308 1226 1306 1297 1088 1365 1091 1255 1291 1302 1303 1274 1143 1414 1500 1174 1269 1174 1172 1237 1188 1304 1357 1450 1317 1285 1207 1371 1355 1597 1155 1121 1299 
1133 1185 1217 1186 1222 1151 1159 1169 1392 1150 1129 1163 997 976 1142 1100 1322 1029 1188 997 1265 1335 1256 1011 1113 1101 1241 1045 907 1251 989 1042 1057 1380 1160 1149 1343 1086 1202 1322 1237 1284 1195 1093 1068 1269 1371 1178 1105 1066 1005 1166 1080 1253 1245 1148 1021 1146 1264 1284 1419 1203 1172 1105 
1339 1531 1619 1576 1652 1402 1443 1627 1549 1510 1596 1293 1457 1486 1508 1421 1538 1387 1476 1152 1632 1732 1538 1392 1357 1689 1522 1460 1296 1608 1408 1480 1288 1649 1522 1328 1725 1318 1528 1598 1543 1524 1585 1328 1644 1719 1534 1521 1520 1404 1397 1450 1514 1558 1658 1614 1490 1429 1606 1539 1926 1354 1334 1450 
1349 1513 1479 1462 1447 1361 1258 1413 1526 1582 1311 1302 1474 1332 1415 1343 1392 1338 1431 1210 1456 1584 1363 1282 1394 1460 1389 1275 1295 1560 1340 1329 1350 1498 1328 1323 1663 1213 1386 1425 1440 1559 1367 1110 1473 1599 1446 1451 1282 1396 1277 1333 1361 1481 1598 1538 1267 1225 1374 1515 1751 1224 1313 1354 
1270 1434 1398 1356 1488 1303 1179 1434 1530 1411 1344 1205 1342 1221 1324 1394 1407 1308 1347 1159 1547 1565 1435 1306 1381 1497 1371 1179 1187 1409 1187 1272 1372 1482 1439 1192 1641 1118 1438 1433 1555 1524 1378 1315 1436 1633 1341 1497 1297 1300 1319 1300 1401 1380 1383 1429 1295 1269 1369 1465 1710 1219 1172 1130 
1168 1361 1432 1396 1485 1369 1266 1286 1438 1494 1438 1276 1340 1262 1277 1310 1250 1189 1397 1092 1313 1380 1253 1145 1373 1287 1357 1203 1136 1459 1194 1401 1266 1530 1239 1210 1503 1265 1461 1507 1430 1372 1325 1280 1398 1562 1421 1263 1321 1282 1240 1287 1359 1399 1477 1314 1241 1236 1475 1380 1785 1264 1197 1209 
1166 1301 1198 1246 1326 1156 1080 1200 1340 1296 1433 1002 1135 1009 1207 1146 1207 1209 1175 960 1257 1399 1178 1044 1166 1288 1231 1050 1075 1211 974 1224 1151 1417 1241 1162 1349 1120 1253 1358 1308 1341 1195 1161 1304 1359 1266 1179 1247 1112 1065 1198 1249 1289 1198 1210 1070 1103 1250 1241 1426 1188 1207 917 
1133 1397 1446 1339 1423 1338 1282 1367 1316 1460 1409 1247 1327 1282 1362 1342 1370 1322 1287 1020 1431 1539 1341 1299 1417 1447 1456 1322 1113 1515 1247 1356 1163 1501 1423 1195 1523 1211 1356 1437 1450 1461 1339 1272 1420 1540 1345 1314 1406 1432 1255 1307 1443 1453 1596 1352 1188 1295 1424 1487 1698 1285 1254 1324 
1316 1549 1571 1477 1560 1359 1326 1437 1407 1536 1521 1187 1330 1259 1464 1360 1399 1275 1346 1222 1525 1727 1389 1215 1363 1484 1397 1357 1213 1683 1248 1328 1389 1557 1414 1416 1538 1349 1429 1542 1501 1608 1508 1234 1557 1653 1422 1293 1391 1347 1338 1477 1470 1478 1488 1413 1286 1194 1555 1506 1809 1454 1362 1239 
1156 1520 1450 1413 1529 1307 1465 1380 1399 1467 1660 1147 1433 1275 1505 1319 1362 1381 1364 1236 1591 1647 1335 1317 1378 1362 1530 1362 1187 1519 1275 1493 1345 1564 1337 1363 1531 1218 1471 1484 1493 1571 1427 1305 1634 1639 1481 1301 1435 1358 1470 1302 1502 1396 1426 1438 1242 1263 1552 1483 1736 1361 1242 1263 
1101 1399 1254 1162 1248 1288 1170 1210 1350 1159 1158 1097 1229 1170 1194 1062 1155 1178 1201 1032 1193 1328 1175 1068 1033 1335 1207 1066 1060 1322 1099 1168 1178 1290 1138 1098 1415 1042 1256 1291 1198 1216 1168 1049 1160 1364 1280 1221 1260 1115 1117 1190 1239 1315 1305 1257 1302 1147 1252 1170 1507 1088 1048 1185 
1222 1215 1334 1405 1239 1363 1178 1348 1442 1415 1371 1291 1108 1216 1339 1208 1282 1226 1406 1216 1361 1491 1324 1232 1256 1469 1400 1128 1119 1448 1144 1266 1156 1404 1311 1209 1535 1112 1332 1414 1407 1473 1347 1128 1432 1508 1410 1403 1163 1373 1237 1280 1161 1470 1448 1402 1275 1158 1353 1387 1626 1123 1142 1202 
1040 1279 1254 1212 1236 986 1237 1156 1236 1282 1313 1034 1085 963 1234 1059 1180 1202 1198 1074 1228 1381 1178 1038 1113 1295 1274 1209 998 1323 940 1176 1071 1423 1128 1170 1212 1023 1083 1241 1231 1240 1277 969 1253 1472 1316 1159 1181 1120 1144 1150 1088 1135 1244 1163 1108 1012 1223 1273 1351 1125 1031 1056 
1107 1385 1348 1234 1291 1233 1062 1275 1338 1290 1299 1226 1324 1214 1240 1140 1155 1274 1204 1073 1335 1388 1196 1075 1266 1286 1223 1094 1158 1352 1079 1233 1292 1366 1312 1124 1399 1165 1369 1322 1390 1406 1241 1057 1385 1335 1291 1307 1207 1247 1072 1279 1419 1342 1291 1192 1118 1124 1358 1349 1677 1048 1175 1062 
1209 1414 1243 1256 1332 1275 1399 1307 1405 1270 1345 1091 1172 1283 1251 1256 1276 1202 1356 1125 1313 1423 1256 1252 1317 1498 1343 1230 1136 1312 1225 1232 1315 1489 1204 1104 1455 1122 1259 1400 1369 1374 1354 1228 1381 1444 1306 1238 1274 1261 1141 1198 1287 1267 1369 1325 1138 1291 1303 1239 1641 1152 1166 1169 
1212 1483 1433 1436 1484 1391 1405 1548 1432 1374 1508 1290 1303 1336 1164 1331 1390 1264 1502 1179 1490 1677 1279 1131 1318 1545 1405 1196 1190 1452 1325 1180 1395 1427 1318 1313 1586 1183 1367 1458 1546 1593 1448 1188 1401 1650 1359 1387 1435 1331 1245 1301 1257 1320 1412 1490 1281 1336 1373 1516 1747 1183 1342 1272 
1295 1226 1388 1470 1415 1160 1210 1320 1445 1524 1307 1237 1107 1175 1356 1236 1348 1134 1517 1228 1472 1503 1405 1114 1172 1440 1284 1206 1147 1461 1136 1263 1280 1413 1198 1223 1469 1172 1321 1429 1444 1386 1314 1284 1469 1586 1308 1300 1116 1213 1268 1149 1109 1350 1359 1350 1265 1191 1387 1457 1674 1169 1275 1113 
1254 1422 1415 1409 1296 1237 1334 1277 1408 1404 1338 1177 1309 1193 1257 1243 1304 1205 1367 1131 1298 1488 1250 1078 1263 1438 1307 1240 1214 1414 1133 1367 1197 1425 1343 1301 1444 1281 1349 1408 1343 1372 1396 1229 1430 1481 1396 1444 1330 1281 1161 1320 1386 1380 1539 1382 1297 1319 1355 1303 1713 1235 1251 1308 
1239 1443 1429 1476 1389 1482 1277 1468 1494 1261 1301 1301 1174 1283 1385 1345 1470 1273 1294 1192 1472 1547 1331 1218 1399 1437 1410 1272 1086 1554 1207 1423 1326 1479 1360 1187 1526 1156 1384 1527 1355 1398 1362 1261 1421 1627 1360 1430 1331 1216 1279 1260 1466 1450 1469 1359 1339 1218 1434 1418 1725 1210 1222 1272 
1091 1376 1311 1280 1326 1242 1222 1358 1429 1225 1412 1082 1279 1266 1310 1205 1451 1268 1214 1199 1376 1461 1252 1142 1232 1452 1225 1191 1109 1335 1185 1269 1214 1348 1264 1183 1344 1215 1302 1370 1360 1433 1364 1143 1413 1433 1315 1266 1254 1262 1109 1271 1380 1432 1392 1341 1188 1107 1390 1293 1630 1122 1164 1101 
1235 1455 1409 1397 1437 1298 1331 1512 1587 1334 1399 1314 1327 1281 1305 1317 1310 1259 1350 1118 1369 1625 1251 1270 1337 1470 1358 1266 1140 1336 1303 1307 1311 1507 1387 1320 1570 1187 1427 1481 1415 1562 1389 1203 1462 1518 1355 1380 1378 1404 1229 1367 1363 1504 1532 1437 1321 1355 1331 1372 1803 1189 1308 1287 
1163 1319 1373 1349 1376 1339 1227 1365 1347 1300 1318 1231 1173 1303 1301 1219 1359 1284 1235 1120 1377 1433 1293 1178 1360 1427 1193 1214 1097 1471 1212 1416 1267 1424 1294 1078 1387 1185 1449 1329 1327 1357 1287 1263 1438 1416 1250 1319 1161 1219 1233 1275 1367 1370 1481 1326 1244 1126 1337 1377 1647 1239 1122 1224 
1215 1361 1371 1207 1347 1125 1262 1406 1294 1318 1435 1112 1228 1116 1249 1230 1318 1188 1281 1121 1391 1605 1213 1124 1082 1324 1300 1189 1015 1482 1210 1135 1221 1363 1135 1315 1541 1100 1232 1333 1369 1417 1278 1161 1386 1547 1273 1297 1265 1219 1220 1266 1230 1206 1234 1351 1215 1189 1287 1399 1609 1178 1254 1244 
916 1217 1127 1160 1193 1181 1162 1082 1229 1190 1073 1158 980 997 1209 1075 1061 1138 1131 1139 1136 1275 1198 983 1197 1163 1162 1041 881 1191 1023 989 1144 1148 1165 1063 1201 1015 1255 1172 1273 1318 1229 1011 1089 1220 1171 1089 1077 1178 1131 1157 1096 1183 1213 1045 997 1024 1237 1156 1453 1084 1074 1086 
1324 1561 1531 1533 1475 1430 1330 1508 1528 1570 1637 1299 1376 1360 1547 1370 1499 1462 1412 1296 1666 1682 1371 1207 1465 1561 1506 1326 1213 1647 1337 1435 1451 1442 1465 1352 1602 1267 1509 1537 1504 1696 1415 1262 1575 1690 1527 1485 1441 1272 1439 1471 1503 1482 1574 1500 1356 1256 1522 1671 1746 1435 1292 1363 
1212 1157 1320 1302 1301 933 1187 1159 1283 1310 1311 1097 1099 1159 1239 1157 1162 1076 1254 1004 1254 1354 1196 1074 1191 1218 1270 1227 1066 1393 1017 1311 1166 1331 1194 997 1305 1102 1213 1262 1143 1269 1230 1169 1328 1446 1272 1235 1090 1110 1179 1090 1175 1218 1207 1236 1186 1184 1330 1316 1564 1100 962 1155 
1182 1303 1461 1293 1203 1189 1259 1353 1314 1406 1288 1124 1234 1180 1262 1150 1249 1157 1346 1222 1378 1487 1140 1116 1234 1403 1164 1181 1180 1311 1265 1140 1344 1287 1191 1310 1382 1162 1249 1410 1360 1503 1330 1120 1464 1362 1218 1239 1295 1395 1103 1279 1208 1285 1364 1305 1307 1200 1317 1335 1689 1164 1206 1053 
993 1240 1226 1148 1189 1114 1108 1170 1101 1267 1206 993 1067 1077 1138 1048 1137 1237 1081 918 1213 1332 1102 1012 1096 1257 1198 987 994 1259 1113 1162 1022 1161 1193 1086 1312 1042 1154 1192 1117 1317 1099 981 1224 1320 1071 1177 1207 1174 1036 1086 1172 1258 1261 1166 972 1055 1173 1219 1415 993 1196 990 
1079 1172 1288 1301 1259 1180 1166 1137 1232 1181 1274 1081 1139 1124 1163 1091 1280 1038 1222 1009 1324 1310 1218 1126 1217 1195 1236 1148 976 1283 1037 1202 1136 1268 1254 1162 1366 1152 1236 1265 1274 1289 1241 1153 1195 1353 1317 1114 1188 1221 1083 1194 1164 1302 1272 1236 1173 1183 1255 1276 1481 1233 1069 1129 
1261 1275 1278 1338 1298 1209 1188 1355 1500 1203 1332 1158 1151 1123 1213 1321 1262 1121 1234 1138 1276 1299 1362 1189 1018 1322 1280 1158 1115 1283 1019 1191 1118 1283 1171 1090 1444 1101 1239 1317 1264 1267 1354 1195 1201 1421 1355 1290 1130 1190 1157 1142 1244 1313 1445 1316 1327 1193 1266 1242 1635 1222 1091 1208 
1244 1228 1359 1419 1298 1133 1236 1241 1343 1424 1374 1071 1179 1090 1227 1122 1351 1162 1446 1145 1421 1456 1311 1094 1294 1370 1311 1197 1091 1323 1087 1301 1193 1447 1227 1245 1358 1148 1175 1382 1382 1375 1407 1324 1461 1338 1365 1196 1212 1207 1075 1268 1256 1328 1339 1302 1095 1264 1485 1424 1563 1327 1230 1114 
