1267 1390 1316 1207 1274 1381 1342 1363 1199 1533 1310 1363 1564 1142 1207 1492 1359 1348 1286 1183 1329 1379 1449 1229 1379 1436 1109 1353 1185 1408 1099 1418 1445 1204 1179 1265 1272 1456 1205 1245 1390 1493 1256 1402 1301 1445 1377 1387 1180 1452 1427 1527 1291 1378 1042 1361 1400 1491 1456 1172 1118 1259 1377 1221 
1246 1245 1114 1143 1375 1222 1300 1259 1373 1432 1186 1273 1403 1204 1141 1436 1323 1432 1256 1145 1284 1146 1202 1259 1342 1355 976 1296 1139 1364 1228 1340 1355 1031 1054 1408 1187 1375 1293 1297 1327 1176 1379 1520 1286 1397 1276 1342 1101 1324 1451 1317 1186 1338 1043 1394 1217 1307 1482 1134 1029 1298 1341 1213 
1297 1460 1236 1360 1352 1378 1536 1482 1416 1743 1460 1491 1601 1381 1262 1566 1387 1556 1336 1306 1340 1282 1498 1491 1345 1686 1265 1408 1352 1511 1268 1524 1528 1274 1379 1326 1288 1481 1263 1478 1470 1431 1312 1535 1300 1507 1498 1473 1323 1608 1474 1492 1416 1551 1294 1539 1429 1546 1506 1265 1240 1488 1499 1318 
1249 1373 1354 1258 1181 1482 1561 1353 1379 1567 1441 1352 1485 1319 1246 1588 1414 1456 1283 1194 1371 1453 1449 1392 1429 1489 1203 1400 1259 1433 1251 1484 1444 1155 1199 1288 1322 1473 1140 1459 1389 1427 1282 1481 1436 1517 1363 1388 1311 1490 1532 1474 1412 1359 1222 1432 1433 1461 1403 1261 1166 1432 1375 1446 
1147 1333 1186 1231 1076 1420 1261 1216 1092 1547 1135 1359 1396 1172 1194 1474 1387 1240 1183 1170 1266 1386 1314 1339 1145 1322 1077 1131 1129 1449 1176 1367 1457 1072 1074 1186 1143 1303 1095 1334 1238 1194 1148 1314 1232 1329 1280 1279 1303 1331 1339 1342 1194 1300 1064 1507 1272 1327 1391 1122 1158 1216 1379 1323 
1198 1459 1243 1287 1117 1466 1501 1369 1492 1568 1402 1217 1509 1161 1127 1628 1443 1455 1318 1043 1293 1303 1506 1331 1372 1521 1308 1443 1172 1323 1283 1555 1392 1206 1232 1235 1380 1351 1260 1430 1358 1397 1344 1556 1344 1383 1257 1315 1271 1623 1502 1443 1333 1337 1114 1407 1423 1548 1587 1261 1214 1355 1481 1284 
1319 1487 1388 1435 1288 1522 1634 1275 1371 1721 1394 1369 1642 1362 1423 1595 1560 1445 1261 1192 1468 1438 1568 1445 1359 1515 1225 1410 1443 1477 1246 1598 1574 1246 1334 1368 1314 1516 1367 1565 1408 1385 1365 1488 1415 1577 1318 1576 1252 1506 1548 1435 1426 1507 1194 1548 1404 1514 1529 1266 1304 1441 1555 1389 
1132 1166 1155 1168 1126 1315 1196 1143 1116 1370 1107 1298 1259 1052 956 1272 1208 1294 1061 1051 1210 1210 1221 1215 1032 1328 889 1101 1050 1195 1027 1277 1231 1048 1060 1177 1121 1146 1057 1159 1207 1107 1166 1246 1154 1360 1125 1248 1170 1266 1205 1316 1210 1298 1052 1208 1132 1310 1299 1036 931 1193 1243 1177 
1394 1317 1342 1262 1383 1354 1475 1511 1460 1585 1374 1367 1676 1055 1419 1702 1315 1340 1288 1192 1321 1495 1498 1580 1420 1602 1224 1489 1368 1457 1256 1499 1523 1247 1222 1443 1227 1523 1190 1463 1386 1363 1274 1492 1273 1598 1484 1399 1343 1476 1519 1563 1400 1488 1338 1589 1444 1443 1587 1397 1254 1472 1401 1307 
1114 1394 1176 1168 1030 1385 1348 1248 1351 1407 1361 1228 1349 1024 1140 1418 1253 1131 1106 1067 1292 1282 1452 1337 1193 1252 1097 1197 1166 1248 1248 1380 1404 1140 1068 1302 1235 1116 1187 1313 1265 1390 1209 1385 1106 1412 1157 1243 1033 1355 1252 1243 1089 1246 1045 1483 1260 1260 1413 1343 1130 1282 1402 1137 
1392 1211 1282 1322 1351 1399 1440 1317 1519 1547 1345 1266 1561 1326 1389 1653 1576 1454 1304 1261 1431 1449 1557 1477 1451 1455 1143 1456 1321 1661 1287 1515 1387 1186 1227 1433 1366 1446 1290 1332 1381 1465 1420 1543 1362 1459 1350 1456 1222 1511 1468 1539 1297 1360 1225 1437 1543 1510 1508 1175 1216 1389 1433 1327 
1278 1234 1254 1310 1202 1291 1482 1376 1280 1518 1201 1282 1531 1140 1136 1495 1375 1387 1193 1184 1243 1271 1430 1282 1330 1484 1130 1322 1247 1363 1116 1427 1338 1035 1278 1272 1247 1385 1224 1423 1253 1294 1319 1481 1293 1471 1341 1336 1295 1377 1466 1339 1352 1334 1251 1366 1298 1432 1512 1229 1134 1280 1315 1334 
1105 1168 1195 1092 1180 1148 1369 1170 1356 1428 1254 1155 1392 1133 1233 1513 1181 1227 1166 1109 1290 1122 1276 1327 1372 1411 1075 1394 1197 1211 1286 1312 1254 1099 1030 1214 1286 1299 1073 1230 1234 1281 1244 1232 1202 1235 1279 1234 1065 1394 1313 1383 1299 1111 1176 1302 1351 1260 1316 1215 1046 1302 1273 1256 
1352 1490 1271 1238 1279 1440 1607 1415 1503 1707 1476 1411 1462 1293 1146 1485 1437 1482 1237 1257 1329 1500 1398 1434 1467 1446 1211 1556 1318 1487 1271 1550 1459 1239 1271 1376 1344 1474 1270 1452 1446 1429 1549 1652 1438 1538 1306 1465 1217 1641 1757 1494 1301 1712 1060 1504 1301 1533 1594 1225 1208 1477 1501 1247 
1261 1520 1323 1368 1220 1522 1531 1382 1408 1611 1329 1330 1534 1365 1314 1660 1421 1457 1334 1325 1481 1447 1503 1404 1372 1505 1183 1373 1362 1427 1238 1434 1487 1217 1270 1274 1316 1489 1212 1408 1472 1396 1332 1394 1387 1507 1277 1450 1277 1575 1469 1451 1357 1396 1220 1496 1428 1465 1586 1311 1181 1394 1488 1311 
1367 1452 1349 1374 1361 1548 1541 1418 1494 1711 1452 1354 1594 1284 1423 1642 1528 1394 1334 1176 1360 1417 1541 1604 1395 1576 1194 1380 1345 1586 1348 1612 1701 1255 1188 1432 1425 1472 1321 1484 1430 1466 1405 1554 1363 1463 1457 1421 1351 1541 1462 1368 1477 1467 1350 1644 1505 1515 1536 1301 1315 1482 1547 1414 
1438 1391 1295 1303 1407 1505 1475 1335 1424 1710 1372 1494 1691 1239 1409 1612 1528 1516 1378 1255 1448 1467 1409 1518 1324 1531 1126 1490 1442 1431 1423 1554 1531 1261 1218 1455 1264 1565 1338 1472 1393 1213 1319 1458 1365 1543 1424 1626 1369 1532 1500 1540 1302 1349 1200 1580 1513 1473 1585 1390 1282 1508 1547 1315 
1255 1552 1247 1493 1303 1507 1568 1374 1521 1734 1434 1401 1613 1432 1360 1757 1500 1508 1220 1423 1459 1508 1646 1539 1410 1676 1286 1459 1310 1562 1368 1592 1521 1397 1355 1306 1455 1494 1309 1512 1513 1435 1388 1495 1421 1488 1376 1366 1293 1572 1464 1526 1492 1502 1346 1594 1464 1551 1553 1313 1254 1455 1502 1458 
1393 1532 1257 1343 1466 1427 1702 1397 1360 1689 1536 1383 1674 1318 1313 1668 1442 1449 1299 1408 1463 1449 1533 1465 1433 1666 1264 1549 1328 1547 1406 1583 1468 1215 1364 1340 1286 1530 1380 1488 1440 1371 1367 1488 1355 1502 1496 1526 1283 1620 1511 1589 1518 1467 1379 1540 1564 1464 1448 1385 1329 1443 1469 1396 
1187 1414 1113 1133 1196 1372 1455 1257 1203 1372 1172 1280 1299 1102 1142 1485 1299 1267 1157 1170 1205 1242 1241 1242 1274 1431 1057 1262 1074 1238 1169 1358 1404 1100 1066 1329 1235 1257 1116 1296 1214 1158 1275 1284 1215 1429 1173 1362 1249 1363 1439 1364 1175 1295 1164 1377 1256 1333 1419 1208 966 1359 1219 1269 
1195 1349 1120 1084 1058 1234 1426 1291 1166 1542 1269 1313 1454 1047 1134 1429 1264 1321 1171 1099 1318 1128 1373 1370 1249 1304 1099 1295 1226 1243 1205 1379 1373 1082 1148 1165 1256 1285 1200 1364 1205 1333 1215 1319 1139 1403 1255 1322 1059 1345 1307 1355 1284 1285 1063 1404 1361 1241 1338 1211 1067 1282 1293 1225 
1304 1514 1283 1372 1301 1558 1512 1423 1484 1728 1393 1382 1681 1251 1431 1691 1462 1516 1431 1348 1489 1392 1590 1492 1506 1648 1266 1472 1419 1357 1356 1477 1604 1347 1315 1334 1494 1532 1342 1550 1487 1459 1465 1546 1387 1612 1451 1457 1344 1611 1438 1503 1437 1464 1315 1607 1510 1523 1681 1443 1312 1519 1477 1452 
1241 1466 1226 1203 1268 1417 1474 1369 1310 1490 1358 1247 1392 1146 1284 1492 1363 1401 1175 1218 1220 1419 1413 1417 1337 1438 1025 1429 1380 1355 1263 1404 1383 1163 1236 1302 1197 1437 1350 1331 1353 1342 1443 1433 1234 1423 1347 1387 1259 1508 1414 1379 1210 1398 1191 1344 1430 1452 1461 1362 1191 1374 1424 1245 
1196 1325 1296 1273 1265 1282 1465 1388 1305 1513 1244 1299 1522 1229 1310 1540 1218 1427 1184 1202 1361 1328 1392 1356 1320 1466 1068 1408 1310 1406 1342 1428 1497 1103 1176 1338 1326 1387 1256 1415 1345 1228 1290 1536 1342 1478 1471 1355 1273 1342 1444 1314 1321 1432 1211 1521 1293 1363 1538 1244 1201 1329 1339 1419 
1131 1236 1068 1085 1031 1215 1422 1251 1212 1237 1210 1077 1219 1019 1121 1345 1126 1253 1000 1018 1187 1144 1208 1213 1162 1262 1013 1196 1121 1276 1043 1259 1324 950 1117 1163 1138 1201 1181 1200 1153 1241 1189 1234 1083 1322 1183 1152 1057 1178 1276 1156 1083 1261 983 1311 1170 1282 1350 1069 1001 1121 1207 1124 
1141 1217 1112 1168 1215 1383 1364 1287 1263 1392 1260 1282 1362 1222 980 1442 1276 1295 1133 1124 1277 1241 1301 1200 1120 1479 1035 1275 1070 1371 1117 1201 1421 1061 1120 1082 1154 1245 1193 1191 1374 1277 1201 1299 1319 1249 1343 1190 1186 1466 1398 1514 1280 1379 1088 1286 1324 1374 1413 1265 1161 1236 1362 1265 
1205 1343 1244 1283 1150 1333 1384 1203 1275 1562 1314 1354 1445 1202 1223 1566 1414 1278 1303 1283 1280 1317 1372 1357 1287 1409 1218 1163 1175 1427 1289 1383 1364 1131 1140 1330 1225 1461 1229 1423 1324 1369 1293 1411 1346 1415 1224 1375 1254 1448 1438 1420 1233 1260 1074 1480 1404 1347 1390 1288 1171 1235 1483 1320 
1075 1124 1101 1107 1002 1134 1173 1172 1215 1413 1149 1104 1351 1104 1171 1353 1197 1179 1111 1006 1227 1024 1236 1387 1084 1259 1033 1213 1157 1273 1121 1177 1286 1066 1059 1047 1139 1254 1021 1149 1264 1206 1148 1303 968 1292 997 1158 938 1299 1099 1186 1144 1298 964 1355 1122 1306 1229 1106 955 1115 1259 1194 
1382 1369 1234 1303 1293 1446 1542 1349 1222 1551 1295 1409 1563 1155 1351 1538 1544 1393 1238 1313 1367 1403 1451 1492 1221 1552 1125 1335 1408 1516 1230 1446 1483 1157 1240 1287 1193 1461 1294 1482 1354 1291 1337 1395 1233 1624 1279 1361 1338 1382 1426 1251 1355 1406 1279 1529 1248 1432 1466 1250 1230 1387 1401 1265 
1380 1703 1355 1450 1389 1733 1757 1491 1573 1742 1630 1506 1706 1433 1304 1768 1652 1585 1490 1311 1454 1462 1639 1551 1515 1783 1382 1570 1386 1526 1311 1660 1594 1312 1316 1332 1546 1512 1363 1698 1552 1530 1425 1650 1578 1715 1453 1465 1327 1677 1695 1611 1637 1490 1340 1618 1632 1557 1576 1417 1273 1566 1592 1450 
1270 1417 1241 1287 1231 1336 1554 1379 1253 1613 1325 1275 1442 1278 1217 1615 1391 1316 1200 1272 1400 1303 1468 1412 1213 1363 1198 1315 1230 1491 1191 1469 1453 1084 1237 1263 1229 1292 1192 1380 1366 1368 1203 1398 1282 1431 1306 1403 1249 1476 1346 1382 1325 1301 1249 1506 1306 1362 1435 1203 1182 1271 1341 1352 
1339 1316 1332 1234 1200 1367 1487 1325 1269 1400 1334 1201 1383 1118 1127 1421 1292 1340 1167 1033 1248 1266 1404 1246 1238 1481 1082 1301 1179 1332 1169 1427 1282 1129 1194 1324 1230 1317 1210 1309 1154 1230 1264 1327 1184 1294 1358 1381 1123 1379 1387 1253 1269 1271 1151 1256 1319 1323 1419 1129 1222 1330 1318 1136 
1055 1259 1171 1063 1004 1211 1216 1232 1193 1439 1250 1127 1238 1043 1028 1385 1132 1188 1134 1025 1148 1238 1228 1254 1174 1279 1040 1117 1006 1229 1077 1288 1229 1004 1048 1234 1069 1170 1021 1117 1212 1139 1140 1380 1186 1355 1012 1104 1226 1472 1180 1290 1085 1241 1067 1199 1169 1312 1336 1081 992 1113 1329 1156 
1079 1337 1112 1175 1118 1349 1349 1221 1292 1333 1389 1182 1373 1052 1094 1488 1152 1178 1079 1132 1279 1327 1437 1369 1246 1352 1063 1244 1151 1226 1283 1362 1427 1115 1062 1240 1202 1210 1205 1269 1330 1216 1130 1301 1225 1332 1259 1294 1123 1417 1332 1402 1189 1223 1112 1468 1334 1174 1307 1328 1103 1216 1399 1252 
1174 1356 1150 1378 1129 1364 1456 1165 1353 1672 1249 1295 1476 1190 1327 1573 1407 1282 1229 1243 1335 1275 1331 1338 1414 1504 1204 1329 1198 1332 1231 1431 1364 1219 1187 1281 1391 1374 1066 1456 1383 1244 1260 1371 1345 1451 1351 1355 1287 1473 1403 1424 1219 1351 1218 1630 1416 1412 1422 1346 1131 1376 1455 1369 
1330 1506 1324 1332 1469 1507 1723 1316 1448 1691 1377 1528 1418 1203 1255 1593 1511 1463 1333 1191 1390 1298 1401 1418 1320 1404 1233 1336 1326 1415 1494 1632 1509 1193 1168 1576 1426 1372 1508 1600 1394 1343 1597 1617 1344 1566 1221 1584 1373 1513 1643 1326 1364 1477 1288 1606 1333 1421 1632 1333 1262 1452 1486 1377 
1369 1631 1419 1360 1435 1594 1632 1385 1493 1761 1500 1505 1566 1380 1421 1758 1502 1511 1442 1287 1469 1560 1544 1509 1459 1576 1288 1477 1413 1484 1360 1628 1540 1407 1313 1456 1351 1572 1399 1548 1490 1450 1450 1532 1447 1553 1421 1616 1413 1680 1652 1547 1465 1421 1351 1566 1527 1551 1687 1383 1313 1575 1536 1430 
1286 1272 1346 1303 1260 1486 1313 1187 1289 1560 1272 1291 1503 1220 1204 1455 1410 1382 1089 1094 1361 1352 1399 1279 1250 1295 968 1264 1071 1362 1088 1541 1333 1119 1004 1380 1238 1317 1105 1332 1260 1261 1328 1455 1342 1310 1310 1339 1239 1327 1203 1396 1352 1210 1124 1249 1302 1412 1336 1217 983 1378 1311 1297 
1216 1403 1173 1266 1250 1329 1533 1218 1409 1493 1314 1251 1455 1292 1389 1604 1361 1372 1234 1140 1364 1313 1350 1470 1296 1500 1196 1355 1336 1434 1289 1496 1441 1166 1144 1224 1251 1335 1239 1356 1314 1271 1359 1350 1190 1421 1255 1362 1170 1467 1358 1385 1370 1424 1222 1432 1334 1427 1414 1161 1141 1338 1311 1220 
1362 1506 1293 1373 1362 1465 1613 1276 1375 1652 1370 1487 1620 1395 1343 1616 1554 1681 1281 1310 1669 1433 1450 1480 1485 1627 1182 1554 1299 1465 1281 1627 1499 1240 1339 1453 1368 1603 1253 1594 1474 1397 1351 1475 1448 1581 1423 1413 1370 1550 1486 1498 1519 1550 1309 1601 1470 1509 1515 1224 1105 1485 1501 1428 
1202 1404 1180 1160 1149 1337 1356 1237 1161 1520 1215 1329 1394 1211 1240 1387 1330 1253 1132 1108 1141 1295 1410 1454 1257 1456 1086 1224 1172 1327 1190 1421 1295 1054 1259 1310 1113 1306 1141 1271 1130 1213 1171 1278 1066 1297 1178 1303 1174 1366 1279 1259 1261 1300 1183 1339 1387 1282 1309 1155 1100 1331 1351 1223 
1229 1263 1086 1168 1257 1275 1280 1160 1219 1524 1108 1235 1409 1050 1184 1378 1366 1306 1197 1188 1227 1257 1286 1328 1192 1296 1040 1183 1235 1325 1289 1379 1308 1065 1117 1247 1215 1455 1264 1260 1254 1114 1370 1334 1262 1346 1081 1405 1175 1431 1279 1316 1192 1184 1131 1347 1194 1275 1404 1122 1001 1280 1287 1320 
1145 1217 1155 1204 1128 1291 1316 1161 1352 1371 1303 1292 1323 1102 1048 1455 1287 1284 1159 1121 1114 1252 1345 1252 1189 1376 1078 1278 1080 1285 1221 1302 1341 1184 1037 1228 1165 1266 1204 1351 1309 1238 1272 1409 1247 1308 1267 1204 1084 1428 1366 1286 1310 1325 1067 1245 1269 1262 1282 1255 1139 1224 1337 1223 
1228 1573 1229 1342 1232 1533 1601 1374 1461 1630 1441 1412 1634 1138 1260 1670 1542 1419 1256 1143 1382 1513 1575 1374 1387 1542 1349 1426 1247 1492 1371 1663 1630 1231 1262 1527 1393 1431 1397 1531 1494 1442 1423 1532 1429 1501 1476 1399 1348 1645 1511 1528 1249 1416 1297 1576 1401 1463 1612 1378 1255 1435 1558 1355 
1257 1288 1097 1064 1156 1327 1537 1268 1177 1400 1235 1273 1392 1077 1119 1408 1333 1303 1051 1114 1287 1275 1322 1310 1228 1325 1028 1321 1271 1355 1159 1434 1317 1017 1131 1205 1172 1299 1177 1291 1177 1213 1270 1221 1106 1311 1203 1321 1089 1320 1398 1204 1118 1151 1140 1334 1255 1201 1327 1104 1085 1350 1296 1098 
1228 1213 1196 1183 1189 1360 1404 1260 1248 1417 1282 1282 1536 1084 1210 1599 1416 1383 1144 1193 1359 1332 1474 1334 1349 1581 1136 1300 1223 1376 1238 1435 1350 1092 1129 1369 1226 1329 1222 1259 1313 1219 1194 1369 1479 1398 1167 1225 1289 1480 1343 1503 1236 1232 1238 1264 1406 1404 1342 1180 1139 1304 1453 1329 
1139 1360 1139 1215 1221 1273 1481 1101 1246 1501 1265 1171 1376 1188 1253 1418 1306 1291 1151 1214 1260 1309 1287 1296 1243 1289 1104 1187 1287 1439 1254 1456 1299 995 1053 1234 1139 1319 1279 1368 1237 1099 1322 1346 1245 1316 1118 1378 1162 1330 1326 1305 1259 1270 1195 1313 1284 1295 1352 1173 1199 1217 1299 1217 
1209 1359 1240 1209 1288 1359 1631 1285 1342 1409 1361 1321 1406 1155 1152 1565 1313 1370 1214 1104 1380 1361 1333 1364 1301 1465 1177 1428 1253 1450 1230 1440 1510 1224 1219 1236 1343 1442 1274 1456 1405 1447 1390 1367 1372 1532 1266 1320 1222 1430 1578 1514 1271 1436 1179 1467 1361 1448 1511 1231 1122 1237 1411 1332 
1246 1277 1246 1305 1113 1494 1467 1323 1281 1589 1295 1419 1448 1161 1149 1582 1491 1465 1238 1120 1294 1188 1447 1292 1328 1425 1146 1316 1204 1311 1151 1509 1476 1162 1116 1259 1437 1332 1149 1350 1342 1451 1355 1357 1201 1486 1351 1469 1189 1547 1366 1376 1313 1217 1183 1318 1314 1474 1388 1213 1080 1386 1303 1373 
1176 1334 1116 1160 1108 1274 1412 1257 1243 1405 1247 1151 1416 1053 1157 1396 1224 1167 1069 1080 1218 1265 1366 1316 1226 1407 1071 1347 1238 1269 1026 1355 1356 1162 1170 1145 1147 1181 1151 1226 1269 1211 1190 1279 1193 1367 1132 1274 1190 1305 1310 1340 1165 1356 1167 1438 1272 1409 1358 1211 1012 1166 1264 1151 
1330 1445 1366 1413 1258 1434 1627 1324 1408 1806 1404 1349 1553 1217 1360 1595 1550 1481 1335 1252 1355 1231 1509 1527 1386 1540 1220 1404 1355 1384 1480 1617 1456 1138 1249 1518 1396 1514 1297 1567 1382 1241 1444 1619 1287 1472 1383 1678 1271 1576 1411 1377 1415 1365 1356 1495 1453 1381 1435 1399 1287 1500 1468 1458 
1229 1282 1118 1158 1195 1255 1452 1360 1331 1460 1326 1182 1536 1262 1226 1513 1382 1391 1217 1188 1232 1270 1325 1409 1378 1634 1101 1484 1329 1387 1213 1260 1397 989 1250 1155 1252 1409 1272 1321 1371 1275 1386 1531 1378 1402 1412 1236 1202 1467 1472 1431 1302 1393 1178 1337 1313 1451 1462 1279 1152 1355 1383 1360 
1243 1534 1276 1294 1481 1425 1625 1424 1489 1669 1486 1443 1673 1392 1347 1769 1430 1420 1409 1379 1510 1417 1485 1560 1435 1624 1285 1483 1349 1588 1520 1492 1556 1253 1257 1456 1426 1438 1390 1569 1563 1551 1603 1659 1450 1645 1407 1397 1305 1547 1695 1603 1477 1473 1321 1625 1403 1507 1656 1432 1290 1445 1584 1595 
1121 1481 1131 1222 1212 1391 1313 1113 1278 1512 1209 1286 1313 1085 1166 1450 1335 1435 1077 974 1363 1245 1278 1234 1268 1448 1101 1297 1111 1139 1204 1472 1351 1180 1168 1336 1160 1294 1136 1302 1229 1195 1100 1236 1294 1174 1266 1308 1311 1416 1301 1350 1224 1272 1107 1500 1327 1389 1521 1246 1016 1336 1403 1196 
1196 1356 1287 1229 1240 1313 1413 1215 1233 1555 1306 1314 1458 1251 1059 1474 1265 1361 1268 1145 1289 1253 1324 1308 1264 1362 1062 1297 1106 1288 1219 1419 1394 1134 1198 1284 1263 1394 1210 1395 1367 1243 1269 1396 1405 1455 1359 1438 1203 1429 1353 1447 1372 1330 1134 1325 1418 1251 1410 1247 1135 1209 1405 1405 
1275 1449 1219 1410 1279 1549 1617 1356 1473 1568 1375 1434 1466 1323 1223 1629 1370 1356 1291 1195 1347 1360 1494 1398 1232 1529 1329 1326 1198 1435 1276 1572 1476 1214 1207 1332 1299 1348 1286 1516 1304 1370 1351 1429 1206 1466 1338 1426 1276 1609 1486 1415 1435 1441 1250 1532 1447 1497 1541 1371 1246 1458 1388 1295 
1266 1436 1416 1454 1317 1450 1543 1438 1460 1627 1439 1452 1599 1294 1218 1705 1444 1513 1325 1157 1366 1346 1592 1469 1268 1698 1276 1486 1314 1439 1288 1491 1559 1268 1299 1382 1416 1408 1298 1556 1501 1366 1292 1572 1401 1512 1556 1514 1349 1568 1530 1528 1533 1515 1343 1479 1417 1448 1597 1358 1253 1319 1446 1518 
1220 1507 1229 1243 1363 1459 1594 1363 1386 1532 1251 1440 1455 1181 1136 1549 1377 1408 1260 1139 1365 1392 1339 1331 1296 1556 1196 1363 1270 1400 1268 1502 1526 1192 1191 1254 1315 1442 1236 1494 1412 1267 1324 1414 1491 1574 1269 1314 1329 1499 1551 1456 1465 1444 1270 1479 1421 1370 1620 1394 1089 1379 1466 1390 
1185 1314 977 1091 1179 1190 1434 1198 1173 1407 1216 1177 1453 1134 1149 1481 1247 1138 1173 1141 1174 1189 1186 1300 1106 1431 1132 1220 1119 1335 1083 1235 1305 1065 1059 1115 1220 1297 1134 1265 1215 1186 1241 1195 1213 1395 1145 1226 1005 1411 1376 1405 1297 1256 1027 1263 1248 1250 1295 1137 1051 1247 1236 1208 
1086 1277 1098 1200 1103 1202 1391 1235 1231 1510 1319 1230 1357 1084 1058 1454 1211 1212 1079 1252 1208 1276 1313 1297 1167 1337 1099 1250 1138 1362 1270 1293 1296 1155 1101 1235 1305 1157 1127 1278 1304 1305 1261 1351 1222 1465 1210 1330 1172 1356 1404 1365 1186 1285 1114 1452 1209 1275 1393 1200 1068 1144 1304 1350 
1120 1282 989 1189 1128 1210 1385 1182 1251 1289 1161 1027 1371 1173 1160 1427 1288 1254 1110 1125 1201 1210 1305 1232 1200 1407 1070 1214 1178 1354 1114 1228 1274 1011 1121 1214 1274 1284 1076 1314 1201 1269 1269 1255 1202 1278 1259 1213 974 1333 1297 1276 1219 1142 1049 1227 1300 1215 1291 1086 978 1249 1293 1289 
1283 1443 1293 1377 1282 1513 1540 1377 1440 1686 1375 1478 1470 1249 1261 1657 1426 1381 1281 1169 1288 1385 1392 1503 1374 1634 1175 1385 1293 1382 1317 1517 1611 1265 1153 1291 1388 1374 1132 1485 1423 1311 1341 1511 1327 1503 1436 1474 1359 1589 1558 1452 1464 1443 1328 1538 1405 1452 1536 1461 1192 1453 1459 1467 
1415 1414 1485 1273 1279 1360 1498 1396 1297 1577 1396 1414 1512 1204 1278 1509 1310 1408 1321 1278 1327 1380 1360 1411 1318 1426 1066 1330 1251 1465 1286 1500 1446 1168 1265 1348 1253 1585 1420 1356 1398 1382 1325 1479 1257 1587 1270 1500 1358 1462 1455 1424 1286 1465 1169 1513 1444 1506 1524 1356 1265 1306 1463 1289 
1130 1127 1003 1089 1018 1198 1254 1196 1173 1455 1050 1181 1336 1118 1067 1324 1330 1395 1193 1132 1109 1102 1324 1284 1236 1338 993 1265 1200 1142 1156 1219 1283 1023 1131 1044 1133 1234 1043 1256 1127 1190 1143 1289 1210 1247 1170 1332 1161 1361 1358 1259 1265 1162 1029 1264 1244 1264 1340 999 1026 1305 1208 1251 
