262 179 204 203 269 254 147 286 325 193 184 289 179 171 236 283 
485 287 374 340 409 445 417 388 506 387 332 417 323 391 326 411 
373 234 273 246 362 323 254 364 451 304 253 337 209 376 257 418 
435 327 411 315 313 396 349 360 511 346 283 323 345 404 260 427 
482 321 402 325 448 452 363 424 560 360 346 437 333 408 373 466 
248 216 261 178 296 266 146 274 407 229 194 316 244 246 283 314 
252 227 258 188 274 260 189 277 352 179 222 307 219 261 261 310 
389 266 354 310 275 305 299 316 422 285 291 292 283 291 148 346 
336 228 296 240 290 320 242 340 414 267 213 339 204 312 234 362 
340 264 319 265 365 359 299 318 457 320 317 334 323 355 290 411 
423 290 323 264 331 327 388 337 435 296 301 382 334 365 337 391 
320 245 271 239 248 303 320 260 343 226 256 287 226 268 242 258 
371 221 252 290 283 261 223 333 437 260 209 354 188 249 234 320 
404 304 408 342 387 399 298 374 531 365 329 428 363 372 278 427 
249 209 223 192 262 277 170 247 337 246 203 239 187 206 160 257 
378 323 371 292 310 337 241 424 468 292 252 422 358 316 368 366 
