9 2 6 5 3 7 9 6 7 4 2 9 1 6 7 4
9 4 0 5 6 5 7 4 8 7 4 0 0 5 0 7
9 7 1 5 6 2 0 8 8 2 2 8 1 3 7 8
8 6 7 8 7 1 3 2 9 0 8 9 8 0 6 2
4 9 5 0 1 2 5 4 7 0 4 6 7 3 9 7
3 1 0 2 8 8 2 7 2 7 1 7 4 1 9 0
6 2 4 5 7 8 8 1 7 3 9 2 1 2 1 9
3 0 0 3 8 3 7 4 4 3 9 9 0 4 6 4
2 0 8 7 7 9 1 5 9 9 3 7 8 6 2 6
3 1 5 2 7 9 4 1 7 8 2 1 8 9 7 8
3 0 2 6 6 6 1 7 9 9 3 8 0 1 2 4
5 3 4 2 9 6 0 4 8 5 3 6 0 5 0 5
3 5 7 1 0 1 0 9 5 0 1 2 4 7 3 7
5 7 9 6 0 7 9 1 5 1 6 0 6 5 1 5
4 8 6 4 0 2 2 5 2 3 4 0 7 5 2 0
9 2 7 2 2 1 7 9 3 6 1 9 8 8 1 7
