2 0 8 3 3 8 9 0 5 0 3 1 7 0 1 1
9 7 2 5 2 7 5 5 0 8 6 6 2 8 7 7
4 7 8 0 1 0 2 9 3 8 3 8 9 2 4 3
7 8 2 3 6 0 3 0 4 8 6 6 5 8 9 5
9 5 3 6 5 7 9 4 2 8 3 9 9 2 7 3
1 0 2 6 9 3 0 2 1 9 8 8 8 1 0 0
1 0 6 2 6 4 0 8 5 3 0 7 8 7 0 0
2 6 1 6 1 0 8 0 3 1 8 4 4 7 9 8
5 1 7 0 2 2 1 4 1 5 8 8 7 9 1 4
0 6 3 2 8 2 5 9 8 8 2 4 4 3 7 3
5 8 3 5 8 4 0 9 1 8 1 2 2 7 4 8
8 7 0 2 6 5 0 7 4 0 0 4 1 9 6 1
8 8 8 6 2 0 0 2 5 1 8 1 5 2 2 2
2 1 6 4 6 0 4 5 9 6 8 8 1 7 9 6
1 4 1 0 7 4 6 0 5 0 5 9 1 1 8 1
6 0 7 5 9 7 3 1 7 3 6 1 8 2 9 3
